11717.940426    988.163392    
11550.044369    1126.918727    
11837.211111    884.715830    
11530.680921    942.520431    
11452.398190    959.393518    
11659.967532    1074.080300    
11732.322957    1018.778139    
11716.564607    984.961043    
11163.794072    952.423642    
11045.226714    1173.487989    
11217.114841    1120.338775    
11511.937244    865.586536    
11559.778000    1004.556563    
11549.000000    929.231451    
11427.922043    1110.578347    
10956.625817    1091.924359    
11606.878850    913.927630    
11186.331115    1178.603430    
11408.688679    967.209670    
11679.391076    895.055867    
11730.448529    862.474511    
11530.974026    1053.252378    
11523.383632    1050.236471    
11308.407489    979.337861    
10802.958647    1213.499013    
11506.145833    1001.451072    
11614.389571    972.756771    
11775.690691    967.030551    
11448.892340    1019.624362    
12009.355346    763.784814    
11560.912644    1013.121559    
11364.013544    1062.560154    
11775.763889    1056.522108    
11716.744624    815.123133    
11461.613054    919.657213    
11841.262887    867.735142    
10888.077652    1101.127311    
11647.334043    1061.733254    
11592.688797    1012.916535    
11506.570213    919.078668    
11772.958580    851.971034    
11654.891892    872.216903    
11599.679452    913.163094    
11969.737143    843.857530    
11751.367089    802.747200    
11243.063514    1049.051556    
11436.959184    950.806687    
11676.022792    839.707149    
11875.241007    852.677033    
11885.088710    718.287816    
11600.952030    956.784121    
11624.379213    984.125269    
11528.355191    1086.125210    
11679.232323    1009.011522    
10981.181395    1116.725420    
11476.070938    1017.720939    
11439.815009    1087.125643    
11393.455000    1030.304209    
12005.889571    721.409604    
11733.604361    861.793379    
11627.296900    954.238571    
11759.168317    936.301347    
11458.330206    987.330904    
11890.124424    848.143499    
10906.766187    1147.742369    
11283.683516    962.721811    
11703.307210    864.727445    
11845.221477    949.250399    
11470.030488    884.109376    
11497.538983    1030.701524    
11621.744000    901.587813    
11764.997625    811.656257    
11550.361607    951.032392    
11424.581197    1048.045913    
12099.165049    766.193784    
11370.691383    943.653577    
11493.377129    1082.880196    
11396.043956    896.506886    
11126.285141    1109.957774    
11814.113122    898.955045    
11525.892157    1023.138945    
11412.103359    864.019741    
11688.162621    916.328960    
11841.845426    828.177002    
11419.509950    1001.470703    
11826.226891    776.705415    
11377.427230    1022.497991    
11670.428000    939.492368    
11367.889391    1082.392807    
11552.905028    1081.008657    
11553.613065    1025.630810    
11417.256198    1014.132671    
10991.075085    1084.491275    
11320.828625    978.263506    
11405.374677    1041.821381    
11886.888298    879.069211    
11466.000000    1056.214103    
11695.953237    847.445859    
11859.147601    883.662352    
11258.261501    1065.536641    
11483.400862    984.858956    
11916.000000    739.267146    
11643.881503    953.621518    
11672.689189    880.932509    
11564.645161    1085.688723    
11328.282192    1074.089994    
11758.021858    811.500455    
11479.977273    1007.615887    
11650.549587    976.320326    
11398.799406    966.100303    
11771.539945    897.945979    
11551.993232    975.793945    
11620.615023    935.815023    
11517.666667    966.662906    
11901.605660    708.277915    
11445.134831    907.958965    
11725.203704    871.831747    
12071.523392    705.712438    
11414.163934    1026.912892    
11500.436620    1104.029288    
11614.610390    910.982132    
11473.595745    1068.154188    
11874.270042    954.162251    
11645.785851    950.976105    
11771.495455    861.787305    
11633.259962    994.343695    
11917.199105    819.504815    
11799.530435    912.470038    
11422.474843    1055.881046    
11481.250896    960.708293    
11494.935685    1142.515405    
11816.440729    892.593082    
11183.001799    1023.297889    
11523.753425    974.834071    
10977.886831    1223.048365    
11341.525424    947.532479    
12106.926380    672.584490    
11743.581673    941.013608    
11166.566524    1181.486151    
11508.236059    960.855337    
11599.580488    1051.519843    
11448.485023    968.960122    
11809.251670    746.156346    
11574.858824    931.574949    
11681.927954    1020.992162    
11467.811644    1105.779903    
11575.811676    839.107048    
11570.142857    1053.493907    
11525.438923    913.327317    
11585.515012    1045.682270    
11738.838636    904.132288    
11696.110169    1025.520174    
11725.236923    910.643804    
11215.053785    1084.849072    
11582.284065    1112.483990    
11715.684906    999.777434    
11646.027083    958.148515    
11786.613793    943.550643    
12037.669202    856.245972    
11895.352174    1007.628241    
11866.682667    1018.552051    
11394.300725    1118.574203    
11701.006623    906.405827    
11619.452685    1061.324990    
11864.267990    916.186322    
11537.864322    1174.192847    
11169.643182    967.038167    
11476.821429    943.753999    
11776.698514    806.996904    
11655.198864    990.140147    
11473.957006    967.020972    
12054.357513    727.142973    
11506.251232    1016.592648    
11045.669192    1096.801884    
11018.148515    1010.953783    
11799.617737    855.188545    
11861.273333    784.085522    
11638.163333    1007.564762    
11727.116071    979.797253    
11963.064394    906.796384    
11334.526316    1112.919947    
11650.047354    730.307010    
11343.245810    1047.284878    
11778.453968    867.242384    
11429.363014    1044.026716    
11459.569853    1035.899578    
11849.119122    892.165998    
11238.231947    992.780272    
11650.908784    1130.789566    
11237.093137    996.035259    
11480.224525    884.459511    
12013.362776    727.192035    
11534.229478    962.644917    
11428.200000    1173.867840    
11971.455253    722.431917    
11835.993730    824.061822    
11287.350272    1182.565507    
11479.588710    1011.681957    
11743.493671    911.483759    
11220.321818    1290.087808    
11440.904762    941.802996    
11177.519878    1037.385690    
11984.609155    674.501223    
11624.265169    882.327818    
11510.243560    878.998188    
11577.664820    1113.639580    
11652.318702    990.744538    
11563.495822    960.603904    
11505.650206    1019.565483    
11657.415205    842.524752    
11587.586580    907.620895    
11740.533333    943.525809    
11710.446953    847.646005    
11445.571930    990.245080    
11966.622061    649.938623    
11131.281167    913.231336    
11668.303150    802.928465    
11479.206504    907.696608    
11309.425703    1099.852719    
11974.473988    720.259600    
11680.282511    1106.188161    
11009.119205    1045.545503    
11792.685121    959.504688    
11240.507177    997.167868    
10951.352034    1083.898108    
11507.431298    990.150980    
11963.165829    713.689474    
11411.416503    967.001782    
11501.717054    1123.841219    
12009.316354    901.244770    
11766.179567    973.814958    
11855.844262    995.539499    
11442.175775    766.812164    
11824.707407    987.854542    
11954.234201    783.663018    
11398.167028    1073.506968    
11230.484600    947.970632    
11420.429134    979.716202    
11639.540268    1126.419650    
11283.926630    1227.528178    
11281.076628    1015.821118    
11564.148734    1011.103758    
11871.245989    789.129435    
11753.925059    939.267448    
11696.039024    987.195712    
11556.151351    961.332768    
11544.483146    943.954318    
11583.169048    857.501563    
11764.850000    849.858446    
11259.201058    979.729477    
11914.561772    910.059494    
11563.875622    1049.639237    
11975.594714    847.346791    
12245.252033    570.496768    
11639.479718    918.434211    
11391.081690    1024.583288    
11664.558352    1073.170802    
11632.390728    969.168835    
11555.776053    799.283929    
11312.280072    894.398204    
11909.040346    766.083113    
11309.361702    1117.147119    
11658.652542    944.079557    
11758.027491    955.861713    
11684.343465    1146.552014    
11136.222015    1071.787289    
11965.283154    738.636147    
11551.112469    888.146782    
11838.035587    1013.092116    
11323.046753    1154.008755    
11735.780105    932.115493    
11222.099788    1177.859829    
11218.668737    1018.425093    
11976.438144    654.553636    
11560.262295    1038.992220    
11580.735763    908.379091    
11371.000000    917.153927    
11669.351266    984.202266    
11463.311164    893.298119    
11765.446215    810.602427    
11540.730159    1041.371775    
11602.835539    1030.097019    
11421.557292    1076.619370    
11720.506897    1014.615104    
11870.236559    906.423411    
11504.076190    1036.485815    
11376.259740    1140.873562    
11771.231111    776.369915    
11774.051887    1033.033362    
11522.250000    925.594532    
11632.539249    921.478117    
11347.461538    1182.993744    
11408.515254    1156.652786    
11679.942771    996.706604    
11826.236908    962.714549    
12061.873853    734.386894    
11918.933775    797.363492    
11711.540000    849.277690    
11968.743516    900.889861    
11582.289277    870.202952    
11742.521036    824.809197    
11364.334884    1066.406770    
11750.103286    925.776940    
11845.116667    708.530181    
11802.628319    920.151206    
11658.214464    943.289743    
11979.760915    720.946245    
11152.385396    1089.786782    
11715.016287    915.509094    
11743.308140    821.608673    
11329.637002    920.591942    
11442.489706    888.966586    
11833.495208    907.460654    
11313.675410    1128.329734    
11518.773451    1056.651814    
12214.850649    642.852296    
11635.677419    1005.365795    
11568.029316    995.766581    
11758.570681    906.533241    
11603.414966    1027.559647    
11501.624217    954.898657    
11093.821256    1014.596161    
11847.180404    755.969913    
11678.406321    1021.690525    
11566.850000    958.793850    
11694.096866    817.701125    
11606.916473    868.902178    
11696.282794    870.588390    
11389.216625    973.461244    
11564.989147    890.238789    
11560.020339    903.344799    
11754.199074    814.639529    
11719.882698    885.901730    
11962.303318    711.883499    
11652.054598    1092.598461    
11589.486842    968.512811    
11667.770270    891.994797    
11146.308008    1071.715809    
11647.149351    1036.243223    
11507.418803    928.418881    
11126.526770    1000.082494    
11154.317757    1165.316578    
11632.533333    930.437748    
11754.203160    942.850361    
11139.037118    1001.560377    
11396.290323    1150.925165    
11717.774105    981.440931    
11435.395954    1178.172182    
11490.762953    863.710725    
12026.733202    649.936468    
11596.717822    993.290718    
11131.630363    1121.637949    
11798.597015    874.155324    
11626.260456    944.483696    
11109.698011    1377.127770    
11580.111922    1006.956346    
11464.839590    901.043332    
11327.828897    1155.312173    
11282.053812    1129.180840    
11529.188406    1029.721888    
11826.370690    861.264818    
11677.073267    975.387176    
11340.298851    979.372519    
11520.948845    950.945300    
11525.760396    938.600787    
12083.456989    731.151643    
11411.679160    977.903284    
11356.207792    943.295316    
11775.587644    760.411506    
11774.170426    868.544740    
11715.550201    952.646248    
11970.473684    700.443083    
11868.438596    740.831820    
11503.073118    860.130752    
11632.680055    719.039215    
11619.843267    860.988687    
11578.363057    902.629073    
11475.909910    992.943029    
11183.264151    944.632212    
11561.516393    1125.552740    
11933.953333    826.769664    
11241.045537    1032.939655    
11385.954424    918.549402    
11353.434959    891.287364    
11723.809816    788.676600    
11966.321799    765.646004    
11440.227064    944.326062    
11707.378336    842.264720    
11927.221277    751.419605    
11527.135678    963.245395    
11465.947699    1026.898965    
11665.086207    915.460292    
11755.726619    840.583338    
11339.566751    1025.971785    
11980.662469    729.689884    
11819.493639    734.001020    
11605.528184    827.256930    
11671.960106    816.112252    
10802.952797    1190.534391    
11756.154386    912.959228    
10990.987790    1115.821875    
11610.980263    923.753533    
11574.900000    979.584209    
11546.786192    938.381122    
11629.625000    880.683776    
11510.203947    1185.504680    
11643.075171    969.953793    
11233.260135    1031.001399    
11475.393939    898.270724    
11692.294466    839.601822    
11090.803150    1148.432494    
11806.302721    850.896690    
11316.322878    1012.618372    
11486.765517    872.381532    
11715.850622    1159.809563    
11716.294766    873.364489    
11668.019950    827.213521    
11532.099323    871.678109    
11566.689727    979.646961    
11595.472949    1057.975248    
11679.824468    1048.966685    
11449.521385    945.293196    
11870.086957    864.152521    
11166.386228    964.046319    
11902.048148    818.193503    
11454.359909    967.215998    
10999.291803    1065.869677    
11544.269155    920.874687    
11412.731544    1210.743194    
11053.967742    1324.403578    
11774.000000    956.894318    
11921.358423    796.874999    
11815.890374    838.673214    
11802.854730    827.644759    
11492.598712    957.786347    
12001.609272    720.442207    
11792.530303    767.953646    
11657.038123    948.035098    
11630.959799    848.006784    
11611.842308    914.086064    
11619.542945    893.025122    
11996.294118    749.260015    
11427.949660    797.448046    
11097.048851    1037.533402    
11450.845917    893.827318    
11410.550102    1074.930780    
11526.655311    998.349928    
11563.710177    835.585179    
11915.153846    698.273042    
11464.741758    980.860132    
11755.417445    793.614061    
11886.418868    763.589864    
11909.435829    769.354810    
11649.000000    877.963208    
11940.326425    865.935657    
11063.295669    985.054232    
11671.545900    855.964448    
11958.276423    664.151936    
11467.420202    901.027943    
11115.108257    977.022574    
11262.800000    927.631745    
11915.319613    759.938948    
11588.196078    761.105115    
11638.848837    887.975114    
11692.288835    1014.562052    
11684.346604    1054.355051    
11611.931677    946.498773    
11772.005970    1002.038147    
11744.661538    818.288489    
12049.337884    697.388071    
11676.858852    918.050142    
10913.578853    1089.458022    
12007.993151    766.955697    
11784.818182    758.473479    
11379.101053    1050.993013    
11532.531250    1038.877148    
11746.357259    766.861933    
11594.469083    995.260012    
11710.572193    878.264531    
11149.300395    1030.208462    
11566.796875    879.280326    
11734.727528    885.416995    
11052.612100    1002.911015    
11422.139280    960.742759    
11690.131696    765.901050    
11683.117271    783.806466    
11736.024648    843.218446    
11368.435262    1036.047141    
11335.732301    976.789099    
11260.696517    1116.530929    
11592.071342    731.135130    
11052.910284    1011.575647    
11598.575150    945.607836    
11838.665227    820.268600    
11656.651163    1073.130903    
11578.804196    1068.141049    
11731.528571    848.270892    
11431.566234    971.150134    
11871.743119    862.724056    
11372.952206    993.398464    
12211.770370    634.638532    
11603.672606    1090.321488    
11703.394009    925.503320    
11550.393162    922.554014    
11537.651099    969.868790    
10785.155440    1157.736115    
11819.889251    860.962098    
11356.132931    913.516274    
11475.255238    857.576470    
11423.691508    938.432650    
11717.808333    739.967722    
11784.483871    819.368937    
11525.168487    1019.792080    
11479.566390    1020.738454    
10911.734742    1145.746789    
11245.088975    988.091408    
11795.109049    929.078944    
11777.974063    781.850920    
11210.761658    1092.080125    
11571.451550    962.413751    
11273.854680    962.694723    
11850.786765    823.437253    
11633.775956    999.264248    
11147.367521    1040.478818    
11579.826401    858.262943    
11290.700389    966.681632    
11455.115546    918.270802    
11689.280130    878.456961    
11668.183721    991.353808    
11229.467066    1157.292667    
11917.599206    868.693254    
11868.986928    839.019335    
11493.758621    1041.089204    
11204.639309    972.227529    
11542.471939    978.297756    
11890.670922    728.122258    
11237.471154    1141.316501    
11681.258352    883.948053    
11677.285494    741.328213    
11449.305389    950.914470    
11673.712329    838.298912    
11638.483784    1013.924594    
11846.368000    798.687621    
11444.429577    941.390140    
11829.319635    794.705481    
11442.131295    831.086170    
11715.910843    896.406658    
11446.258944    927.768237    
11246.993139    1013.935029    
11240.469880    1002.566210    
11561.489451    880.464744    
11778.549266    758.149986    
11491.989736    982.305339    
11185.799207    1060.994279    
11849.143770    779.451402    
11549.139579    901.983074    
11947.097923    785.650695    
11316.445993    1016.218460    
11876.860465    861.946289    
11857.702830    902.245047    
11620.405676    1026.413930    
11707.393750    898.506129    
11066.311755    1134.868945    
11459.099585    996.451731    
11438.031558    1075.321130    
11653.479616    868.340723    
11646.509494    1030.498385    
11717.535885    853.808059    
11561.775568    1053.874612    
11313.082888    1018.830639    
11329.684211    815.721307    
11440.237094    993.070294    
11853.109890    959.950940    
11270.406780    1023.319085    
11439.450253    899.632140    
11635.980562    800.976082    
11583.504717    1054.936332    
11738.889231    835.763040    
11328.575549    1002.811093    
11662.458549    720.525355    
11385.582251    1024.702760    
11804.310940    857.365851    
11682.838480    809.787525    
11564.778947    1018.434249    
11718.829103    891.494350    
11613.962085    796.487180    
11363.161972    1108.776035    
11580.688931    846.573789    
11525.912935    932.513521    
11572.025974    1044.785990    
11756.962567    777.563670    
11656.549793    1016.181553    
11725.895238    866.993535    
11633.019455    976.315441    
10990.694969    1080.945552    
11312.009058    997.474711    
11495.956522    1045.671973    
11584.403409    1040.440565    
11394.587879    888.075536    
11314.034535    905.894080    
11662.207006    941.459247    
11488.031250    927.064983    
11640.046272    967.281569    
11981.686354    709.652383    
11545.739212    984.222824    
11154.339593    1050.361513    
11073.856725    1087.440112    
11495.236074    1030.358908    
11551.535469    989.908026    
11501.652819    998.978514    
11512.536325    906.256146    
11389.340183    1067.352092    
11546.886861    1081.895045    
11603.015317    923.963133    
11639.381967    847.339373    
11763.126087    762.961089    
11508.540707    1018.326472    
11329.735780    950.660352    
11678.594512    965.716288    
11838.094488    711.891270    
10957.243807    1169.616835    
11363.650450    1005.360062    
11529.004329    880.040989    
11506.109504    874.435061    
11860.413203    912.570328    
11586.718519    933.391326    
11609.825784    869.507599    
11742.374046    828.860909    
11766.291353    878.301561    
11709.170492    990.934442    
11580.461326    824.926119    
11756.321799    905.282695    
11817.408971    881.801292    
11517.251265    952.078526    
11165.073365    1022.983901    
11005.956600    1075.728904    
11373.730088    941.375725    
10594.761240    1299.166400    
11232.975207    1300.513126    
11508.300999    743.131353    
11789.225397    866.233678    
11801.464912    957.403955    
11543.423246    1126.450966    
11368.867347    1026.415411    
11628.566116    822.201611    
11629.703704    880.246319    
12164.095238    619.541472    
11821.441397    883.924350    
11066.408850    1076.870300    
11768.066098    837.647738    
11041.105389    955.105017    
11628.502193    803.153145    
11563.990805    959.780042    
11547.753776    889.572034    
11193.585764    981.779645    
11514.150000    951.492398    
11483.555882    935.334042    
11109.581994    989.216731    
11190.429412    1077.716610    
11558.788851    977.726137    
11825.080614    896.397994    
11867.448687    728.440666    
11545.070330    947.307852    
11331.565844    922.795912    
11575.050104    923.145391    
11474.118812    917.862323    
11188.778267    932.731545    
11451.962756    975.150714    
11336.449024    890.451739    
11825.368973    869.539374    
11771.277500    892.648061    
11703.773585    973.239187    
11738.922559    1003.012176    
11103.428966    1168.921950    
11461.115288    1046.865641    
11587.502976    753.376894    
11627.738693    945.239203    
11638.019272    837.654990    
11307.451613    966.229357    
11011.176471    1191.909255    
11612.295673    939.561033    
11515.126904    1239.506058    
11245.372460    1234.677944    
11563.475483    852.419999    
11414.361328    988.983237    
11493.403465    991.663378    
11639.377273    880.114349    
11446.666667    999.690905    
11313.394783    1060.729109    
11681.480969    898.689173    
11485.786543    947.068706    
11593.801587    908.321850    
11328.298701    972.966821    
11376.322368    978.506846    
11385.797235    966.885984    
11457.247803    1174.852982    
11389.521978    1149.978073    
11673.602386    795.569189    
11638.418212    866.257468    
11339.144385    988.085309    
11525.318519    931.688413    
11743.451866    836.419152    
11522.382353    962.657175    
11767.323256    834.782010    
11696.928000    876.417820    
11402.761194    1178.781772    
11398.568698    773.970328    
11447.308962    969.394793    
11528.528571    1111.162903    
11368.750473    930.633956    
11563.870423    987.957124    
11785.789757    846.582124    
11501.684831    766.599688    
11519.699708    978.678886    
11552.549348    904.671296    
11647.908333    1030.307015    
11433.789809    1012.893941    
11497.191283    906.960880    
11532.075235    876.856535    
11170.967130    924.008184    
11173.309963    916.046377    
11487.707129    851.597562    
11501.679245    1086.694610    
10851.594978    1033.436906    
11889.980609    997.450635    
11402.483122    984.292083    
11570.590361    882.626047    
11497.011315    884.575067    
11615.286957    1049.900029    
11776.411765    808.184468    
11806.756917    898.102084    
11419.593750    987.860430    
11723.476190    920.036060    
11468.068254    1079.394319    
11787.483444    899.045920    
11587.949749    925.735705    
11582.719298    1195.677039    
11912.091483    783.900460    
11295.821300    930.482858    
11435.672377    970.467733    
11917.222458    765.152336    
11821.468354    771.601526    
11461.716937    870.294536    
11698.351974    951.460751    
11729.167689    860.710666    
11762.003968    984.460220    
11812.796247    805.516381    
10889.410579    1179.072265    
11166.752618    930.463959    
11683.308046    840.159116    
11643.271898    729.924997    
11569.902736    1046.574750    
11788.167192    956.452937    
11729.231834    817.188927    
11598.690852    990.220614    
11681.709677    926.687699    
11477.245495    1054.211815    
11559.558594    1151.192576    
11840.897436    792.927750    
11915.367347    724.581057    
11788.960486    880.212406    
11827.036585    867.688043    
11609.520755    998.533102    
11468.378947    906.129146    
11283.220070    912.390784    
11554.637413    939.229199    
11394.233025    1084.331966    
11916.162413    940.664016    
11424.501018    1066.533638    
11759.510204    848.144422    
11525.420000    968.599065    
11651.980488    807.004548    
11367.688845    1110.747608    
11783.551069    824.265478    
11757.475325    806.508679    
11355.053165    1021.880941    
11738.119303    867.934459    
11371.522686    976.363107    
11532.841667    862.505043    
11176.995699    1053.085737    
11688.614551    995.822355    
11795.402913    777.045152    
12106.370546    678.335104    
11552.503650    910.753746    
11595.929607    955.991057    
11342.526965    858.107000    
11408.539130    1103.831737    
11669.485380    970.654246    
11298.498982    927.081796    
11852.837696    1022.682542    
11703.153605    981.687028    
11477.609244    1044.263740    
12185.634615    691.762486    
11799.013158    837.227764    
11247.374101    940.178295    
11864.066890    871.118196    
11535.010753    947.900354    
11908.536977    768.030339    
11703.069853    864.731518    
11195.483146    1114.450881    
11757.874720    904.423090    
11752.205797    995.747440    
11940.741071    867.338994    
11366.545648    1036.295522    
11693.493023    851.746195    
11702.744125    878.724114    
11946.828652    827.007062    
11778.551020    858.427010    
11659.056122    845.807781    
11562.802899    1025.442619    
11765.053079    910.391525    
11472.864693    992.656565    
11741.729032    881.833049    
11430.410305    951.797152    
11840.349887    751.018737    
11430.957746    1182.472535    
11605.133208    856.742057    
11797.853659    836.629128    
11615.904110    1057.207887    
11515.586035    1124.445077    
10955.507396    1106.178365    
11350.302682    1064.082642    
11780.585561    940.543629    
11873.354762    781.789203    
11943.811189    723.582530    
10819.262206    1099.257475    
11458.837288    1235.108334    
11335.743134    1111.180478    
11442.175202    834.713279    
11593.257143    1100.745065    
11963.692607    952.046709    
11536.286645    1080.928860    
11178.537205    1054.427723    
11663.574561    1124.871384    
11351.166667    1043.694284    
11422.021220    914.010926    
12020.490775    687.481702    
11197.576687    1090.794520    
11551.458525    953.867123    
11695.505291    1033.511972    
11344.641994    1214.509844    
11034.784314    1153.666218    
11417.368000    1047.474800    
11555.996942    1061.975548    
11857.070111    868.576478    
11382.097561    980.797182    
11066.154229    1384.624035    
11022.204036    1063.750074    
11753.863248    1016.032114    
11877.326284    786.105000    
11284.037234    1070.264212    
11663.824458    877.858477    
11088.912944    1057.270023    
10833.916442    1050.598550    
11565.901907    912.174604    
11836.984252    900.114939    
11542.350943    1041.267055    
11744.536062    885.336633    
11247.826087    1104.419913    
11918.917062    847.707488    
11155.215762    981.439682    
11698.300000    838.635291    
10800.563667    1187.327826    
11587.416000    904.353204    
11887.018092    868.726172    
11488.527273    1036.228996    
11586.005814    839.770252    
11311.441860    1066.715332    
12028.160714    786.238517    
11520.148368    1022.482771    
11534.811736    997.540340    
11815.981432    738.398009    
11752.616867    1077.580094    
11340.442197    1087.569254    
11559.053079    898.910881    
11619.837696    991.791562    
12043.421053    827.023523    
11522.282051    812.487147    
11501.713948    793.508411    
11669.625287    794.410679    
11769.653521    841.556841    
11824.435673    951.607483    
11247.299559    1088.528880    
11512.315385    987.526136    
11820.070093    915.952923    
11536.983871    869.348863    
11413.107807    1101.207056    
11918.839779    838.805660    
11851.860465    911.711296    
11907.793103    738.216508    
11274.141678    919.791102    
11541.266071    1014.339068    
11567.485106    1001.536776    
11732.336798    1016.346917    
11741.929515    892.190429    
11344.053068    880.634281    
11588.364407    892.456377    
11302.881029    1063.174292    
11661.466042    993.474371    
11722.614213    999.558950    
11695.787115    892.016417    
11490.643713    1120.872765    
11365.544492    966.304422    
11547.614173    1091.997253    
11459.186701    1130.545985    
11425.832589    1136.926220    
11665.850467    1025.374860    
11488.181063    983.384458    
10646.168142    1196.915123    
11677.203509    1046.661688    
11568.246459    1112.605430    
11313.450479    1177.381702    
11099.706390    1039.103109    
11469.982353    1030.303451    
11611.451876    825.037360    
11754.211587    896.933331    
11514.035311    869.352129    
11519.310627    1092.826593    
11698.100775    1023.666253    
11631.655172    987.109543    
11736.542553    898.434753    
11596.127083    908.212947    
11318.267218    1210.711583    
11441.153659    941.894504    
11514.655031    926.895295    
11297.020374    930.830956    
11229.424171    1014.351123    
11584.102000    1016.763001    
11570.779412    1104.246414    
11896.291925    743.395409    
11796.655098    802.534659    
11642.420849    1028.497065    
11779.964187    908.806990    
11669.950000    833.168299    
11329.689764    917.286912    
11688.621083    912.684186    
12203.116129    712.846637    
11426.310905    956.172268    
11477.574338    948.075225    
11683.702811    1035.950302    
11266.308176    1073.000306    
11495.445698    967.497011    
11582.304264    949.272881    
11422.717320    1126.364184    
11342.079295    979.755459    
11197.545652    1157.754423    
11720.480861    1025.252274    
11939.266094    709.312003    
11820.878866    905.825342    
11777.392655    1033.767492    
