1884.126437    79.572681    
1868.469136    111.565746    
1867.940678    99.198422    
1860.649123    267.025920    
1929.776978    639.432258    
1860.325758    88.230371    
1817.415254    104.773228    
1904.116071    171.192965    
1848.578231    109.561521    
1918.714286    507.247710    
1877.302817    115.348400    
1851.848485    95.698824    
1842.411765    108.361559    
1916.574468    388.974451    
1935.465517    843.225155    
1867.835366    119.786409    
1872.614173    99.334641    
1875.534247    71.557541    
1888.062112    103.382405    
1855.244444    90.767629    
1908.855346    58.847189    
1874.457746    72.094678    
2023.574324    637.695525    
1885.299401    703.234542    
1856.710345    161.508702    
1899.098160    129.685709    
1885.743316    74.105492    
1910.156863    321.638739    
1877.666667    74.489697    
1979.271186    685.773702    
1858.720497    83.341191    
1952.921429    392.177676    
1872.129496    99.219532    
1886.571429    96.914332    
1887.401786    89.032494    
1948.073770    137.000549    
1842.702857    83.612458    
1859.333333    86.924052    
1873.977444    136.987155    
1894.408000    137.919286    
1860.522124    87.975972    
1940.244898    300.863182    
1900.834646    102.853980    
1861.412698    126.009528    
1953.614286    98.379338    
1857.786260    152.958709    
1862.709459    101.658693    
1931.156425    121.912681    
1978.050000    687.319887    
1818.157233    123.857929    
1896.796875    86.410662    
1874.737589    361.271133    
1827.605634    95.125933    
1913.517647    86.272293    
1880.529801    113.676595    
1879.630872    117.558059    
1867.595890    712.059117    
1831.556886    87.832694    
1875.794521    107.846347    
1863.712766    94.022759    
1876.807947    126.176357    
1891.150000    114.255317    
1939.543860    159.333818    
1888.584270    104.278991    
1881.675393    102.862585    
1945.024752    133.441070    
1920.355705    664.873325    
1835.194969    99.624419    
1857.937198    87.788618    
1863.924051    114.297721    
1865.952663    111.215863    
1842.603774    127.037162    
1928.080745    804.351179    
1931.447674    116.889496    
1847.829016    94.372302    
1818.740458    81.965790    
1831.857143    97.951293    
1935.971154    161.397560    
1807.618644    118.055066    
1918.623288    115.197040    
1884.689189    90.584726    
1867.282051    132.834039    
1964.656934    864.256310    
1886.353333    74.659684    
1866.954315    86.281519    
1866.474227    108.154442    
1912.000000    62.182048    
1891.709459    90.662222    
1833.879195    154.981485    
1861.589888    124.491710    
1871.213235    95.949696    
1883.621212    108.130990    
1860.049645    73.572980    
1818.459459    122.751326    
1886.656000    109.428340    
1870.844444    86.720805    
1880.279503    124.569530    
1856.662420    94.556259    
1889.277457    93.026402    
1903.453901    188.378730    
1856.369697    164.253914    
1809.337017    130.741794    
1937.922619    144.083598    
1842.415789    59.549367    
1858.645833    77.261863    
1862.379310    107.800981    
1871.531469    124.243884    
1896.309392    76.647384    
1812.653543    207.352239    
2324.160305    1824.756727    
1889.475177    153.815565    
1896.792308    154.952732    
1901.710345    89.308371    
1848.470588    81.354249    
1901.901515    142.977369    
1840.813793    105.016845    
1871.854430    156.317545    
1884.289855    87.662495    
1877.891473    101.000517    
1867.195402    98.699747    
1855.237179    111.918303    
1884.271739    129.264651    
1809.343750    81.102947    
1822.575000    83.908011    
1855.378238    84.776982    
1801.762162    127.361743    
1914.790541    119.654924    
1866.519084    82.532191    
1874.240437    83.905080    
1867.681081    108.980290    
1855.833333    134.321459    
1889.660000    792.703180    
1826.142857    88.308776    
1852.854305    83.919892    
1886.414141    92.122888    
1839.913043    355.038523    
2017.000000    702.309695    
1863.072072    98.454426    
1877.668539    103.463869    
1982.705882    777.198708    
1866.335526    100.632601    
2114.405797    1384.963080    
1846.394286    97.209811    
1881.544304    263.953405    
1874.798851    91.184226    
1881.466165    121.843641    
1858.336449    129.464349    
1920.090278    122.461610    
1952.225490    114.672330    
1914.992537    817.180249    
1878.669856    79.619857    
1987.903226    925.757679    
1900.217742    142.774837    
1979.090909    826.337887    
1875.207101    93.724440    
1851.830303    112.353642    
1935.044872    140.152222    
1856.205714    108.248302    
2002.269461    1043.877465    
1844.102151    88.641572    
1850.818713    88.111883    
1857.136364    97.459861    
1911.650246    93.394818    
1853.304688    312.993075    
2055.211268    1222.074292    
1853.316901    66.399174    
1853.201149    107.101787    
1838.435583    87.604384    
1879.828729    74.085425    
1860.414201    95.640197    
1883.100000    118.014411    
1837.218978    105.728182    
1813.061111    91.486803    
1855.582734    95.580009    
1857.325153    79.308274    
1831.822034    107.742366    
1906.935484    744.018807    
2319.043210    2049.892832    
1879.625806    68.059286    
1993.396341    522.556819    
2028.666667    1054.129399    
1952.212121    825.875123    
1955.253623    676.672261    
1884.152000    98.041792    
1888.574468    125.843719    
1999.443114    979.880596    
1822.462500    87.472559    
1887.245763    92.286854    
1934.840278    907.384701    
1925.107143    384.299704    
1865.897436    90.092544    
1945.577586    663.605683    
1831.923077    100.542564    
2065.959770    1298.432146    
1891.818750    90.853307    
2007.648045    1075.701410    
2142.691781    1359.596060    
1994.581818    982.318581    
1918.518750    119.347286    
1908.861314    125.248144    
2190.335404    1349.931680    
1891.398649    86.908521    
1881.462687    103.112217    
1932.736842    861.208726    
1898.701031    88.320604    
1924.126316    420.132278    
1837.813793    91.006857    
1824.366667    99.379905    
1854.522293    77.568592    
1873.523810    107.036392    
1862.585492    74.284178    
1897.062069    158.150571    
1853.827068    98.457999    
1884.019231    74.621908    
1857.650602    94.430051    
1877.765060    98.395558    
1869.762431    95.578344    
1869.070513    129.455671    
1884.055556    97.869922    
1992.965517    856.704692    
1897.784722    172.429702    
1944.222973    812.950647    
1885.793548    117.512097    
1872.663043    126.540016    
1896.884892    438.467050    
1883.738462    95.773897    
1956.809091    731.156164    
1879.648649    87.384688    
2002.460870    813.093078    
1969.560000    1047.914383    
1931.147059    334.811003    
1851.440415    78.953570    
1882.231884    85.560411    
1827.382979    94.403139    
1892.089431    130.898956    
1831.445783    90.986329    
1847.575758    97.332461    
1973.028571    982.121057    
1860.606250    101.448515    
1859.760234    91.355842    
1815.949686    93.099581    
1893.302817    203.386505    
1874.646667    97.257743    
1882.273885    125.622000    
1846.088050    81.813593    
1960.196203    597.419773    
1976.295181    1129.845870    
1886.059113    108.428708    
1879.510791    89.388681    
1812.590909    104.844615    
1876.973118    76.477731    
1887.912752    818.532784    
1883.330508    110.915837    
1851.240741    92.663057    
1860.578947    91.609869    
1853.195652    103.597735    
1946.909910    655.820599    
1915.113636    97.823097    
1868.172619    73.305947    
1937.521008    572.066912    
1867.136000    100.417078    
1915.380645    271.432265    
1834.628378    146.623128    
1901.918478    134.084532    
1837.566929    91.520110    
2005.330709    1215.573136    
1891.640244    121.668627    
1874.037838    68.949834    
2368.446154    1832.110356    
1866.185714    85.423532    
1899.016000    121.302002    
1867.739726    80.823167    
2053.180791    1241.346772    
1885.806452    590.444962    
1869.207317    87.999825    
1929.618321    243.038069    
2048.179245    1382.242878    
1899.095238    756.519486    
1877.796053    107.754005    
1909.762963    131.320203    
2010.970060    1088.938957    
1888.846154    98.770961    
1883.459259    173.357851    
1848.853846    97.059388    
1883.853846    91.905061    
1846.678899    97.345868    
1831.736486    92.880580    
1849.564885    69.126513    
1937.043796    464.240764    
1966.043478    1080.570752    
1870.069652    90.274513    
1906.038961    103.910981    
1855.238095    123.431731    
1887.564286    99.201254    
1850.162393    96.012282    
1870.681818    106.468257    
2069.270073    1514.205925    
1905.044944    668.418079    
1883.369565    90.050918    
1894.364198    124.851109    
2013.733813    599.892299    
1948.757576    579.888044    
1880.903448    121.231288    
1865.369565    84.302344    
1893.878947    86.214854    
1904.144654    120.182923    
2150.417323    1603.547556    
1882.929032    92.873560    
1906.174157    99.200048    
1880.538922    100.607957    
1888.421053    115.231588    
1871.689873    80.353405    
1895.582278    108.731362    
2098.408759    1481.865679    
1894.653846    426.537792    
2153.738318    1726.194850    
1828.396552    84.832073    
1815.335484    129.856361    
1866.758170    101.629149    
1924.439490    249.578583    
2035.838889    988.501206    
1888.117241    118.031703    
1942.141791    112.939896    
1910.524096    86.908046    
1955.587097    712.045629    
1887.842640    79.682750    
1871.066667    128.152583    
1917.636364    101.239056    
1859.230769    110.632833    
1917.067039    95.439916    
1958.189189    128.743111    
1837.902256    115.451768    
1976.739394    747.539778    
1905.241176    93.140410    
1850.598870    121.363220    
1866.227273    90.350462    
1871.216216    90.875214    
1877.295775    100.476245    
1889.538462    105.688396    
1857.474074    112.585956    
1913.352601    809.121866    
1866.994624    93.224639    
1868.806202    80.322227    
1870.935484    96.325535    
1849.986755    95.116449    
1914.984962    148.450745    
1885.589286    86.653959    
1891.738462    83.741717    
1874.476821    126.279614    
1846.968553    85.527694    
1917.432927    114.526711    
1915.300000    110.432960    
1887.445255    102.585476    
1878.440252    90.029177    
1854.732558    78.320514    
2033.926554    1073.333416    
1939.880000    750.878847    
1906.159509    296.364701    
1883.890173    104.131889    
1883.859459    90.180430    
1935.831250    750.510928    
1934.127778    811.387509    
1893.854839    90.610625    
1889.590164    82.479614    
1888.514124    118.595601    
1882.333333    286.196207    
1881.641026    87.609196    
1893.281690    106.385121    
1860.813559    92.758140    
1888.538462    72.951877    
2204.329609    1455.994639    
1840.333333    106.288437    
1884.523560    90.994783    
1848.576642    100.475564    
2130.366412    1647.524079    
1892.780899    107.108379    
1872.358025    103.252933    
1913.894737    144.545620    
1868.676471    79.455026    
1889.613636    116.137451    
1902.608434    94.632312    
1889.935294    85.855429    
1909.067708    116.782430    
1918.322368    78.298232    
1874.447761    123.840145    
1848.054645    124.798230    
2016.000000    1057.200911    
1998.880795    1073.778930    
2032.335366    1133.789546    
1889.367089    107.580018    
1907.099291    107.655762    
1880.465909    124.254225    
1955.796954    186.402488    
1870.452381    84.669161    
1910.655340    73.480614    
1901.533333    393.376438    
2023.427673    1303.138989    
1841.007246    114.356771    
2069.683824    1174.090685    
1852.915584    89.497366    
1927.577540    107.449170    
1865.778351    131.240895    
1887.572327    95.251634    
1914.012270    131.762008    
1863.953846    83.638771    
1882.835897    101.063949    
1891.134228    85.378090    
1873.060914    136.073944    
1874.579618    91.947377    
1898.108280    87.570651    
1939.726744    584.139021    
1852.335484    99.241269    
1918.548571    86.947910    
1881.097403    144.665165    
1894.394286    127.696376    
1895.936709    122.992059    
1872.260000    96.880661    
1885.000000    176.442928    
1853.281818    104.174777    
1876.383929    84.606890    
1882.700535    81.300566    
1886.101190    705.834483    
1878.750000    812.613664    
1921.509317    103.035007    
1876.094937    86.680031    
2075.579882    1356.703260    
1822.607143    93.735001    
1896.714286    111.881883    
1867.165605    114.175686    
1948.258993    958.692570    
2022.788043    1178.175715    
1918.422619    84.442182    
1913.186528    106.509366    
1792.333333    97.801832    
2000.894040    1159.301806    
1848.393258    129.326224    
1849.911392    128.696945    
1853.279762    83.229811    
1881.149254    769.710431    
1846.783133    99.851763    
1929.365979    696.465846    
1872.842857    82.082125    
1830.674847    84.503740    
1882.145833    157.083619    
1871.753623    112.728853    
1856.392157    69.350015    
1847.064327    84.771944    
2098.900763    1265.137303    
1898.514451    114.434705    
1889.339181    835.617376    
1879.382199    99.991076    
1824.198347    116.663011    
1871.952941    106.579758    
1869.609890    92.049357    
1856.015152    87.211428    
1867.560440    100.950451    
1841.096970    90.711880    
1987.750000    1183.349122    
1924.593496    652.054612    
1844.390728    102.352007    
1883.635802    150.688697    
1936.194245    1018.794702    
1844.912195    72.309309    
1851.611650    74.332529    
1919.573964    156.938637    
1999.245509    1030.744452    
1900.039326    107.448517    
2030.500000    1288.947371    
1884.197080    73.579377    
1863.543210    127.648877    
1830.738095    72.944878    
1848.528662    108.335558    
1873.513514    417.379134    
1852.291667    92.527303    
1844.366667    98.838010    
1813.460432    102.073345    
1865.898876    93.788735    
1976.716981    898.739559    
1854.480315    83.244148    
1855.778409    86.087573    
1878.483333    82.427744    
1868.691358    116.501485    
1867.413043    115.218175    
1868.256944    143.991934    
1877.738255    91.488907    
1829.492857    73.158975    
1871.902703    132.910217    
1897.897059    123.985369    
1864.167568    81.755397    
1875.408284    112.997063    
1857.675676    86.106237    
1852.736842    286.825191    
1869.028249    90.988385    
1869.063694    331.101764    
1806.423423    90.313024    
1849.840000    91.740364    
1934.009259    131.981024    
1855.861314    109.714106    
1843.305882    96.603985    
1865.047619    108.520950    
1847.709360    83.955180    
1875.455056    81.114572    
1849.076923    92.789294    
1871.292308    149.911535    
1951.352632    878.800209    
1851.470588    78.314104    
1834.518072    69.569652    
1897.815385    97.416061    
1826.330882    89.770627    
1892.212500    89.483685    
1869.257143    805.700829    
1864.677778    121.650485    
1955.348387    187.011423    
1874.453237    129.266677    
1837.951515    85.031602    
1884.647059    313.239627    
1841.579710    95.017223    
1861.791444    79.894947    
1897.235294    145.961983    
1933.125000    600.153266    
2022.905660    1105.732350    
1830.346939    94.413597    
1866.862245    114.624393    
1843.024194    134.024159    
1905.874074    142.100248    
1869.957576    89.705197    
1902.683824    123.024250    
1804.187879    97.393024    
1864.036585    88.135628    
1892.634146    110.562146    
1846.755208    69.641324    
1874.195266    283.630151    
1928.276190    1061.523510    
1814.485507    148.010097    
1848.361111    89.169051    
1864.274809    72.364752    
2026.518717    1336.733917    
1838.528846    86.931334    
1810.542683    90.924342    
1845.751269    100.372778    
1864.533835    93.760738    
1859.066667    69.687461    
1880.016484    106.758867    
1841.165746    94.250842    
1894.482759    79.991718    
1929.052980    638.623020    
1874.909722    87.678304    
1841.154696    80.496240    
1808.722222    80.448176    
1823.500000    92.636602    
1875.616580    93.932112    
1844.771429    72.810629    
1840.727273    92.288110    
1865.407643    98.479197    
1835.519231    89.691385    
1843.357143    100.278201    
1848.834171    86.745325    
1909.288462    141.364958    
1877.469484    97.299814    
1874.324742    83.710674    
1840.178161    75.608318    
1852.257143    68.887296    
1846.849711    106.473045    
1847.890323    103.034386    
1941.775641    142.545430    
1872.770053    101.518869    
2143.761589    1174.666027    
1836.824242    96.430911    
1909.740741    427.921283    
1869.048193    117.639320    
1866.882353    85.609269    
1840.954198    88.330042    
1869.664286    76.903986    
1842.785714    73.491475    
1835.811475    135.366614    
1856.490196    121.496987    
1842.035503    132.972386    
1951.987578    956.967856    
1873.693878    110.579772    
1893.520231    256.224513    
1801.452381    87.080842    
1800.298507    76.158126    
1863.023952    88.953527    
1847.842767    70.320429    
1849.386503    82.022840    
1893.719745    100.582813    
1840.236486    98.016157    
1862.270073    120.477548    
1877.516667    256.269877    
1819.962687    112.050522    
1920.268908    96.243624    
1825.485030    88.779540    
1925.364341    147.032557    
1813.578947    84.782332    
1854.202381    93.255126    
1837.820809    97.739285    
1876.101266    78.004722    
1870.251748    77.999773    
1841.208955    109.948297    
1868.005348    84.004361    
2096.222892    1180.113515    
1852.641379    140.203186    
1874.852381    93.429536    
1842.909091    100.966500    
1848.929032    119.350074    
1826.139037    87.579952    
1999.793651    900.341384    
1836.893617    78.004905    
1854.964286    82.477984    
1856.904762    79.880040    
1895.202128    93.221548    
1962.134228    888.520138    
1889.897959    142.245296    
1862.670588    93.105998    
1831.936306    93.597096    
1967.458647    1001.525247    
1841.432584    113.689250    
1907.805085    468.710587    
1877.750000    111.426281    
1940.339080    795.233563    
1807.248276    102.362947    
1845.364162    83.357024    
2316.318182    2074.684453    
1820.428571    109.599192    
1857.100000    98.459586    
1866.313725    89.634805    
1883.139860    107.288227    
1862.215569    87.202574    
1836.586826    86.031274    
1884.308140    100.650115    
1775.875817    125.452713    
1858.375000    188.275023    
1859.105634    115.719166    
1844.779006    96.784923    
1892.289157    95.979921    
1889.979275    112.720846    
1941.928105    784.768940    
1865.829932    102.260264    
1881.807692    106.859308    
1785.588957    101.175649    
1826.010471    113.295748    
1848.732394    80.886803    
1875.830882    78.761326    
1862.542254    84.649037    
1822.747967    95.836632    
1810.539877    65.947018    
1886.720000    129.181223    
1876.860465    147.620913    
1826.515723    82.667543    
1871.101695    93.256895    
1816.789189    72.318693    
1836.365079    92.244035    
1835.225000    145.114579    
1810.657658    114.790329    
1876.836478    78.387673    
1825.913043    98.358298    
1821.333333    110.143156    
1901.544444    80.308110    
1885.611511    170.777128    
1863.111111    107.013874    
1864.559322    92.433810    
1830.500000    99.446537    
1868.739837    111.957225    
1890.402516    180.205722    
1872.860104    92.167937    
1840.565476    108.213394    
1893.006494    88.126569    
1959.170732    616.799828    
1868.451429    97.119406    
1881.342466    133.038950    
1841.000000    93.980072    
1889.812121    698.885065    
1832.704545    80.802897    
1855.320225    106.484338    
1860.888268    74.515559    
1900.198758    108.297142    
1885.877049    97.633941    
1832.598802    81.543718    
1868.755435    87.736574    
1890.283237    410.225718    
1876.087379    79.978165    
1883.950820    75.100245    
1765.225166    81.533577    
1854.987578    151.879365    
1882.757062    86.490082    
1820.723404    74.721313    
1830.948052    95.830261    
1826.796407    100.536021    
1864.956989    130.748047    
1907.727941    613.801576    
1854.314050    82.661016    
1830.659794    73.057651    
1849.439394    96.070071    
1823.894737    81.431567    
2027.862500    1149.279255    
1859.807487    96.728825    
1816.500000    81.854648    
1867.431694    77.398652    
1893.276596    87.850704    
1915.037500    863.986190    
1818.020134    100.192397    
1813.663265    88.005907    
1926.615385    99.433246    
1847.752475    96.578692    
1841.957576    107.845701    
1863.582192    70.191007    
1855.725714    142.471107    
1863.335484    106.887054    
1885.138614    104.884003    
1877.238095    127.058684    
1840.992754    82.289564    
1834.347826    71.547166    
2156.596154    1437.160300    
1910.536232    125.927352    
1848.746269    106.430531    
1858.604938    90.353856    
1812.271523    110.881234    
1936.303704    112.859485    
1894.576355    77.402014    
1848.771084    127.432697    
1861.903448    134.511803    
1855.258333    122.216236    
1836.335329    81.927645    
1877.075188    151.627096    
1949.813433    749.894641    
1853.648649    73.234468    
1887.257485    81.487662    
1947.184874    1037.470874    
1863.107143    97.951132    
1881.184000    142.458324    
1888.937984    88.851392    
1837.808989    95.574887    
1845.553763    90.255371    
1841.661157    82.264797    
1894.557377    122.365196    
1873.013699    164.109343    
1923.773810    153.578338    
1861.792929    118.327070    
1843.274648    74.883961    
2063.064748    1294.230869    
1838.363636    83.795230    
1893.619403    74.333937    
1845.407143    85.709884    
1908.217742    139.342787    
1837.229050    83.415418    
1835.875862    76.941795    
1856.132911    76.009002    
1919.294798    751.363623    
1894.006757    181.152336    
1875.208791    84.488964    
1881.450331    98.692894    
1898.037313    107.728820    
1867.849765    93.554312    
1867.229299    235.391742    
1863.087591    120.364318    
1832.555556    88.903700    
1865.886525    87.165457    
1903.351852    717.109841    
1859.474074    106.753564    
1753.320261    95.188060    
1840.166667    107.546335    
1819.328767    94.596411    
1835.417582    88.377446    
1851.010989    93.991757    
1872.776860    97.458827    
1911.840764    92.917230    
1839.386364    91.904401    
1868.420000    122.353437    
1828.244186    92.424254    
1864.398734    86.802623    
1788.928994    107.727004    
1839.393258    88.324303    
1823.946565    85.943290    
1830.405797    84.119621    
1839.335366    89.830415    
1954.137097    736.849564    
1845.540000    70.333835    
1860.932886    83.587648    
1855.782609    100.731591    
1872.157895    99.833553    
1826.013072    76.167084    
