1866.082143    31.063105    
1889.387500    53.605602    
1858.981752    74.942701    
1869.919643    32.848798    
1900.946429    43.870841    
1871.733929    53.844425    
1904.368750    49.265106    
1878.457820    57.327163    
1904.593066    74.795881    
1877.501786    51.068581    
1947.084897    58.173118    
1922.832872    65.978429    
1933.069643    51.187702    
1866.211331    56.429823    
1905.716964    69.104562    
1923.035810    69.015902    
1894.650000    49.287991    
1918.419297    52.360115    
1905.079464    68.422336    
1923.062963    54.369447    
1980.179581    79.847494    
1929.311607    97.055159    
1980.547310    49.092989    
1928.630357    45.815829    
1968.848214    50.062498    
1998.088393    46.521599    
2059.274107    44.400017    
2065.867857    100.474066    
2003.618100    43.183255    
2007.263467    59.603605    
2030.911710    90.282295    
2068.809567    55.975182    
2039.552876    40.723768    
2097.628571    51.370898    
2046.992523    105.816160    
2047.346082    63.891353    
2115.246429    37.746334    
2128.951786    58.333902    
2130.050000    66.010843    
2131.264286    62.243644    
2124.628931    39.819062    
2128.143750    57.510759    
2200.547321    34.639618    
2160.680357    51.235221    
2148.042002    61.528600    
2213.094643    46.696895    
2249.936607    30.431869    
2195.790101    29.787191    
2247.002679    41.573955    
2300.484821    40.879458    
2313.567857    38.591159    
2335.592857    48.502175    
2394.507143    52.948323    
2338.301270    70.297940    
2490.633036    80.480089    
2415.722967    67.570664    
2384.065574    86.154821    
2430.578571    89.153585    
2430.273214    85.453373    
2350.947321    82.320508    
2449.079464    50.550010    
2449.357000    57.778487    
2513.820536    83.645088    
2419.412500    84.965452    
2440.328571    53.580089    
2553.677656    103.951166    
2554.615665    96.550712    
2609.935714    88.677311    
2559.971429    75.059221    
2631.891771    97.630184    
2566.967857    109.568695    
2709.739286    57.260634    
2690.396429    82.387466    
2779.238914    106.535448    
2743.399619    78.490724    
2792.879231    107.450825    
2687.363388    82.830571    
2757.530706    66.571903    
2872.289737    96.088281    
2811.678733    86.130234    
2748.004541    59.331647    
2800.378526    69.251073    
2898.058192    126.102590    
2941.700090    115.409778    
2862.361607    96.691245    
2893.563393    58.920024    
2916.710714    85.469963    
2948.399107    79.816590    
2947.172043    84.400219    
2939.014298    94.713829    
2991.146429    91.674774    
3099.555357    110.743375    
3057.712500    76.276268    
3142.225893    88.590631    
3030.100000    73.104040    
3101.093357    59.988406    
3092.413393    80.835059    
3184.432143    80.548116    
3233.603571    180.477828    
3129.598214    69.626691    
3225.212500    64.781359    
3188.691964    109.659924    
3294.231250    53.869312    
3210.478571    72.161101    
3258.910714    59.333253    
3321.440179    69.852446    
3352.646429    107.054709    
3422.174031    102.181628    
3380.072321    97.129457    
3448.128571    137.622074    
3405.062837    71.783722    
3380.778571    83.507009    
3377.866964    116.051502    
3396.974107    109.298609    
3423.899107    77.004242    
3466.604263    66.202767    
3436.011257    65.289756    
3545.469639    89.144886    
3631.739496    103.795822    
3667.329464    92.649635    
3557.912007    101.311073    
3695.034228    96.500065    
3709.436131    116.257554    
3631.043001    81.638790    
3698.337925    120.571754    
3638.808728    123.321686    
3629.573801    178.602651    
3840.759528    177.541563    
3733.300000    136.568511    
3740.725893    103.887486    
3846.706250    130.288164    
3716.566071    88.127642    
3825.477212    178.344801    
3852.815179    138.869906    
3923.442857    134.602365    
3840.575000    121.450930    
3965.880326    153.633644    
4005.308597    181.732442    
3848.116761    125.996800    
4030.651272    135.418919    
4012.081651    235.827066    
3944.124881    148.541164    
3885.276147    160.057426    
3967.330153    134.279445    
3924.958410    126.393633    
3808.733632    122.607939    
3920.640751    87.200259    
4028.436104    153.239902    
3967.775000    98.752185    
3958.315179    133.854971    
4038.550893    115.074103    
3941.940179    72.188846    
3954.700893    85.190306    
4071.708147    90.195753    
4024.160827    77.277741    
4031.363051    86.014446    
4103.122760    156.409644    
4048.182469    172.300988    
4069.725314    117.465538    
4116.045167    155.819580    
4172.023452    152.767989    
4208.168642    159.096405    
4150.164534    90.676981    
4312.272158    146.851173    
4256.872051    183.578941    
4146.109900    141.028297    
4194.628415    114.601839    
4228.043478    111.536193    
4325.915684    90.853399    
4262.239347    116.554007    
4310.496357    139.305343    
4283.298630    169.551386    
4513.180581    137.233315    
4389.461818    137.840169    
4342.087193    123.980997    
4467.758182    170.889820    
4389.833787    140.787672    
4405.055556    139.662011    
4452.709619    116.095301    
4443.156616    135.488870    
4370.705775    178.115629    
4414.865385    78.534594    
4475.165756    105.430032    
4538.215509    168.546225    
4621.824373    286.101953    
4498.368372    70.323175    
4588.785842    121.607527    
4583.040073    79.497501    
4741.949550    171.512228    
4580.729317    185.304726    
4599.505357    142.482712    
4609.743521    122.899784    
4708.113494    136.954930    
4792.723921    225.873955    
4703.318057    156.111081    
4807.746824    179.625590    
4761.415537    213.947614    
4882.510714    235.521249    
4848.432877    232.291694    
4819.323187    225.290431    
4825.892210    173.274987    
4743.025225    210.698780    
4783.895775    230.454606    
4708.190520    200.088136    
4941.410256    161.078582    
4873.419561    211.651257    
4859.903052    174.789439    
4936.592460    176.120814    
4971.123870    118.546929    
5134.198214    220.848801    
5034.548736    181.429772    
5210.691964    223.681563    
5157.524457    199.673881    
5183.377818    214.477575    
5102.762603    206.248672    
5163.970509    338.301318    
5160.607629    248.823996    
5121.930693    175.313066    
5073.465580    206.359026    
5185.138393    212.414490    
5013.513075    148.512987    
5250.469683    215.024825    
5137.329759    216.488511    
5214.952509    406.998796    
5266.283472    274.813705    
5399.025271    384.549881    
5495.384396    297.930305    
5782.951896    723.216274    
5535.196548    645.301755    
5328.409742    477.646048    
5462.313112    566.793219    
5514.450835    472.924834    
5442.031925    230.867136    
5526.301724    271.053921    
5320.074343    138.493166    
5266.469772    273.552598    
5512.488789    223.377447    
5709.807143    370.988463    
5521.402516    192.267763    
5367.533512    229.633828    
5696.942857    452.175436    
5589.591124    249.349037    
5469.019022    210.228255    
5734.329032    297.665249    
5679.173913    331.643729    
5775.721565    184.744968    
5932.848732    274.413805    
5723.010969    205.217818    
5972.231183    243.530559    
5989.185018    522.050410    
6136.081982    421.960866    
5948.851718    230.910043    
6039.985702    240.881379    
6141.083929    285.507231    
6022.237243    273.196182    
5904.591524    284.223654    
5845.473874    389.885151    
6007.598891    344.747884    
6039.179581    328.549495    
5906.626703    613.519274    
5987.000897    266.469041    
6262.402351    710.807703    
6059.144556    290.334916    
6062.480216    524.957035    
6099.019820    233.745472    
6180.434259    262.072398    
6003.055660    165.235235    
6196.449327    232.620181    
6082.969342    255.713907    
6047.642922    222.019353    
6150.261311    368.767730    
6124.894064    211.775007    
6287.126005    473.278521    
5963.017164    300.777581    
6188.517583    238.465811    
6676.130162    801.453003    
6252.866606    386.912345    
6451.116383    343.997336    
6667.350893    461.730318    
6413.442935    275.159292    
6377.087035    259.276628    
6375.796429    248.529697    
6390.357208    202.914944    
6514.773214    286.351137    
6494.279174    402.155735    
6401.925427    224.431875    
6831.792760    491.251575    
6685.371864    733.582053    
6511.401262    454.803483    
6475.154332    343.351998    
6413.635870    385.223180    
6549.508929    272.110934    
6400.628571    189.364382    
6402.573214    107.489759    
6487.157143    142.328294    
6468.705357    193.727793    
6484.979464    211.659975    
6488.631250    238.702652    
6775.921429    257.925863    
6667.351786    237.287370    
6642.668459    304.996385    
6768.462500    320.401013    
6758.566577    400.322433    
6786.988341    395.308819    
7047.893465    657.354018    
6720.798380    394.501325    
6788.323397    224.191629    
6651.661844    380.910261    
6841.510464    410.890591    
6940.278276    751.893408    
6958.990809    542.477863    
7117.369643    713.883438    
7119.391577    790.603807    
7215.880250    750.815829    
7056.974910    579.153182    
6883.501343    171.330961    
6989.085766    573.939425    
6957.534420    550.220725    
7134.363555    498.306550    
7202.284182    598.196746    
7237.345845    514.943129    
7206.924107    388.774198    
7334.405381    335.282724    
7154.731664    308.771505    
7349.829464    352.622317    
7412.329464    321.003381    
7770.664879    824.142301    
7610.727435    897.749638    
7483.008945    834.101328    
7236.840787    299.547712    
8217.505893    1266.258341    
8003.946188    1113.760835    
7937.799815    1307.451579    
8244.345536    780.506933    
8277.589973    913.329497    
8085.306452    830.857308    
7929.562950    917.892571    
8264.982805    1170.149402    
8602.704464    850.156882    
8875.972072    1223.895500    
8533.282005    946.755468    
8583.036178    1157.602761    
8207.915238    761.496396    
8314.294964    730.554647    
8078.281958    571.967937    
8606.199463    965.230095    
8513.851619    674.103040    
8237.511712    722.919865    
8311.592857    548.492732    
8344.521934    728.901633    
8479.919571    671.521919    
8871.662198    788.061435    
8728.148479    831.934286    
8623.731115    656.263534    
9432.864469    1286.974872    
9022.149642    986.062057    
9087.278643    1106.773105    
9298.318632    946.570969    
9441.722727    961.198031    
8602.686327    656.285705    
9320.762075    980.888764    
9015.794570    939.169935    
9226.152057    905.565947    
9409.856122    773.891560    
8899.011607    660.929681    
9259.882826    831.365363    
9157.716377    751.188637    
9278.259835    752.928016    
9008.635220    558.887441    
9091.853021    716.238674    
8944.698838    668.830557    
9099.876676    728.683184    
9159.971377    719.091823    
9247.132194    723.074297    
9086.307143    598.166877    
8963.507143    546.913882    
9370.588608    884.779148    
9170.630728    615.085554    
9370.014298    645.454262    
9508.774368    863.539090    
9473.981115    764.135397    
9549.194829    1026.252089    
9443.906134    960.336579    
9703.128759    962.177967    
9973.002796    935.428604    
9826.351992    959.569286    
9681.150635    937.562527    
9840.168796    877.148942    
10111.672300    1106.009195    
9766.311521    979.858845    
9713.293260    864.068064    
9695.938294    859.440962    
9889.692942    886.993174    
10035.119850    1121.711035    
9983.285714    877.627537    
9698.580426    929.818869    
9836.667317    864.744974    
10016.204159    717.548103    
9883.721042    785.407466    
9813.663117    722.594169    
9819.554795    827.777149    
10139.098470    877.667243    
9906.568851    725.160874    
10155.626715    771.299745    
10039.566123    695.891501    
9975.241818    838.910489    
10167.467099    1084.479735    
10173.236518    1093.584123    
9875.385427    1022.721778    
10519.412381    806.536880    
10091.173244    803.953614    
10515.434737    913.257980    
10026.659207    1089.998840    
9948.534884    934.455705    
10224.741998    876.016725    
10168.393968    815.044667    
9866.244042    1016.337408    
10234.996313    912.090832    
10241.180244    1068.685242    
10192.755492    820.716957    
10363.127849    917.633006    
10005.591313    989.742419    
10157.361638    845.932166    
9991.506680    925.975465    
10396.919302    1038.113952    
10164.929012    886.804416    
10373.684211    861.177281    
10422.192227    902.321006    
10320.916241    951.270507    
10568.747454    808.112496    
10698.819277    874.717318    
10692.614208    1027.628815    
10407.180862    946.780254    
11116.073040    828.235299    
10553.343299    1010.779739    
10757.868707    1001.210575    
10758.496517    793.790992    
10771.818744    960.761844    
10884.404494    899.350258    
10861.033233    856.712635    
11419.557358    958.823656    
10713.969795    921.433220    
10959.115974    954.876444    
10804.759179    947.932712    
11054.930283    778.729353    
10930.824639    764.101244    
10702.565495    963.507330    
10920.613757    727.645080    
10680.291139    860.060719    
10599.871236    813.585497    
10815.355435    741.205700    
10817.010672    868.697404    
10745.398947    811.204522    
10451.749487    906.081387    
10877.529540    892.277597    
10877.407288    793.745547    
10825.649943    920.470146    
10727.427293    937.118467    
10996.858447    884.159579    
11068.785388    850.002169    
11133.329621    875.210850    
11261.016687    932.875953    
11086.797511    885.538978    
11078.538365    909.565247    
11291.163488    1189.278853    
10907.464400    753.509066    
10970.839465    965.581363    
11081.323896    997.222819    
11019.881818    910.515868    
10760.770213    922.781893    
10913.265560    829.939378    
10814.884324    681.263901    
10728.288009    710.782566    
10475.280702    731.135474    
10562.002051    747.802561    
10464.359312    878.515346    
10349.172172    829.767684    
10401.235172    916.888233    
10774.769149    797.735114    
10826.155063    931.690545    
10746.255965    956.072134    
10915.963542    772.653801    
10605.671385    874.633663    
10145.756598    993.986258    
10288.253140    868.282314    
10102.200190    956.481370    
10612.155399    887.916901    
10600.205319    1034.512311    
10384.335623    981.023176    
10461.723426    1114.721414    
10033.183495    932.286054    
9940.288630    1039.381677    
10207.834325    951.308382    
10433.240481    942.099939    
10201.061538    943.427837    
10223.113936    830.730952    
10334.225655    768.945952    
10300.663912    775.334262    
9602.861111    1031.149902    
9819.862925    883.020962    
9986.154696    774.555659    
10135.244879    727.195696    
9946.692799    773.231533    
10107.903758    617.296071    
9907.739874    658.618326    
9767.105735    718.800763    
9425.010840    743.461993    
9566.505991    920.795912    
9728.287054    816.606510    
9939.642989    778.586816    
10047.587255    964.686827    
9642.297122    899.170906    
9937.157689    997.609574    
9577.582924    1107.112285    
9745.964593    925.607435    
10011.644166    941.132649    
9323.009398    956.051563    
9927.712135    909.315341    
9518.641580    1094.646588    
9754.493625    780.800855    
9690.230072    744.373270    
9448.774077    769.596786    
9100.625112    713.030470    
9343.281934    762.968576    
9476.036970    750.852476    
9437.146847    707.044484    
9522.194043    632.606186    
8896.217273    857.248041    
9023.456600    615.705206    
8909.513441    645.600679    
9171.863964    505.890100    
9128.695536    491.278732    
8977.989218    679.505748    
8970.685219    719.987898    
8672.210952    769.407082    
8659.487716    811.842068    
8761.678571    942.611763    
8885.456424    872.741624    
8852.282511    957.825326    
9115.178636    831.053274    
9032.224107    641.401776    
8739.273703    748.651361    
8284.000895    723.097845    
8535.348214    741.012318    
8596.287377    732.986430    
8695.209490    871.390351    
8751.200180    953.090336    
8695.415993    850.669043    
8291.275583    928.523372    
8939.462996    939.751744    
8504.648430    702.105370    
8588.627149    1054.101685    
8336.792231    711.674824    
7973.976555    746.998141    
8343.094460    698.688714    
8106.945291    623.393585    
8312.545699    387.676893    
8148.969561    509.750293    
7942.978514    455.363274    
8076.736607    306.429605    
7677.037702    595.393214    
7614.036640    554.360171    
7572.716216    806.641480    
7670.448214    560.492426    
7691.459193    669.081981    
7457.475000    732.702602    
7338.870536    373.468750    
7446.598030    470.411775    
7324.468047    500.652302    
7666.424842    949.391089    
7343.829380    783.983967    
7813.185252    975.343109    
7359.945389    866.819177    
6996.599636    342.561371    
7163.133274    359.510123    
6998.210009    491.125697    
7214.168620    470.280855    
6790.141294    339.587338    
7041.602170    405.055042    
7199.220628    605.316081    
6769.772605    275.195180    
6846.352415    451.074760    
6675.499107    231.179819    
6683.535842    175.832336    
6765.578571    177.130791    
6712.935194    210.656121    
6599.694245    200.460011    
6600.263348    230.449269    
6507.254991    352.013427    
6626.631155    437.574165    
6579.142578    567.162680    
6671.026930    264.634091    
6527.275137    441.735753    
6537.700000    570.529107    
6359.104788    471.640911    
6540.911381    418.523052    
6415.948646    302.483221    
6395.825528    462.524622    
6539.026654    710.387312    
6400.227273    548.168150    
6327.922127    398.677459    
6261.015455    237.565981    
6548.278285    855.233115    
6256.227788    255.082295    
6295.935978    315.927136    
6143.871957    340.342666    
6151.303220    290.229377    
6048.587500    164.685180    
5972.448214    164.241354    
6003.140179    93.577608    
5961.643750    104.451419    
6017.691964    97.164417    
5998.571046    103.317388    
5850.985612    161.632515    
5635.711349    200.864810    
5712.533929    169.049619    
5854.202328    201.855853    
5734.545701    295.450655    
5602.909910    227.593305    
5626.410811    266.131263    
5600.951743    248.206927    
5396.086022    332.399193    
5457.130357    316.456885    
5471.983857    248.209075    
5376.422202    378.602490    
5259.763964    245.195484    
5376.484277    326.207365    
5358.107914    247.374976    
5238.113697    273.176383    
5360.279676    223.335752    
5172.538949    211.214377    
5063.624774    194.250969    
4943.587131    145.870440    
5068.249543    166.374390    
5006.979927    152.807061    
5022.182390    178.501570    
4898.740840    87.923604    
4923.056351    98.898999    
4894.231250    140.676088    
4832.129148    173.521732    
4867.023318    150.493602    
4928.065395    259.124266    
4904.588076    169.066762    
4966.578212    213.800142    
4976.965486    315.121782    
4879.332407    663.622332    
4726.833938    246.141477    
4697.400180    218.753481    
5067.270718    671.855674    
4616.430970    169.218553    
4457.712037    237.223577    
4464.600186    221.014335    
4436.742315    271.477092    
4416.915837    226.707309    
4329.786294    114.000397    
4503.163393    129.998925    
4307.984821    119.528332    
4264.440179    57.492857    
4339.146429    95.321879    
4304.740179    130.720194    
4187.236607    92.662253    
4112.763393    98.190960    
4049.857143    83.086063    
4070.665179    73.342551    
4124.412500    120.427347    
4054.830357    88.616246    
4042.777679    155.816403    
4062.656250    84.976860    
3871.309821    124.749347    
3957.375000    171.505098    
4039.926720    127.397691    
3937.993739    192.279791    
4014.308587    121.706025    
3821.895442    186.633002    
3913.529464    166.773336    
3648.783036    145.055612    
3822.252679    172.478869    
3807.261607    127.390809    
3595.246429    136.495552    
3555.151786    142.805450    
3600.194643    133.857265    
3646.871429    150.963872    
3502.741964    91.266009    
3496.739286    72.071467    
3551.928571    86.776099    
3434.813393    57.955586    
3410.775000    66.404707    
3339.375893    76.837832    
3259.405357    55.453439    
3340.099107    63.324039    
3301.116964    54.287279    
3255.241071    81.327177    
3266.278571    97.547201    
3304.000000    108.084433    
3286.394643    106.758220    
3226.255357    71.692230    
3176.933929    64.714270    
3152.676786    56.396310    
3061.985428    53.064433    
3072.957143    90.620165    
3145.031250    52.190139    
3028.594643    67.838279    
3079.597321    75.439056    
3087.895536    55.570730    
3016.611807    71.729413    
2995.415179    36.283014    
2934.433929    75.701783    
2850.084821    57.174552    
2819.421429    51.250532    
2811.464286    63.311832    
2776.811607    74.084756    
2754.966071    38.124803    
2712.995536    32.976466    
2705.766964    27.034274    
2697.850000    37.236369    
2644.735714    38.123481    
2660.052679    38.584276    
2635.675893    56.753881    
2665.473214    43.788363    
2610.951786    68.133164    
2496.766964    50.760152    
2597.343750    40.149549    
2431.761607    32.808853    
2525.881250    48.561625    
2348.325000    63.874904    
2377.622321    53.879555    
2431.856250    111.860803    
2365.822565    105.339426    
2351.063927    36.851343    
2328.886607    41.979232    
2252.506250    40.634652    
2235.988393    45.555253    
2171.366964    33.145299    
2143.303571    44.327523    
2134.915179    28.498417    
2128.884821    28.841998    
2105.198214    29.318114    
2121.310714    31.979316    
2051.125893    34.260182    
2026.019643    28.571895    
2018.066964    34.483355    
2023.863026    29.724971    
2000.371531    38.374664    
1988.992857    24.815749    
2009.925893    45.510152    
1949.622878    27.872249    
1918.569643    33.597361    
1897.702679    58.645256    
1896.855357    33.396971    
1903.191964    14.787414    
1911.733929    23.059254    
