1999.682252    77.803415    
1929.777977    66.777004    
1936.842353    149.941184    
2004.756098    92.711204    
2007.321951    69.920734    
1923.969819    88.954531    
1921.897485    96.783948    
1945.722524    53.357564    
1982.325953    94.120821    
1924.409170    50.958592    
1974.409836    34.550973    
1955.357333    58.076749    
2036.712247    106.713694    
1939.009688    108.064501    
1964.994618    66.918286    
2012.766667    32.346705    
1935.057044    51.065012    
2025.202875    59.177472    
1961.693548    51.417934    
1955.409569    32.447038    
1951.286242    59.548061    
2033.619420    95.466741    
1997.340505    51.387940    
1909.744000    62.210398    
2019.179138    209.193267    
1916.411963    42.108553    
1852.459310    114.185608    
1899.555330    95.858744    
1929.461614    54.104180    
1895.384124    69.810453    
1948.338875    37.501666    
1885.065574    61.336907    
1844.486355    98.330074    
1963.981878    42.146344    
1904.284269    94.927606    
1941.297248    68.403120    
1957.449239    65.069964    
1974.909424    48.923976    
1917.885090    53.192738    
1995.167183    40.610777    
1972.944079    83.399181    
2025.084337    64.526487    
1954.292781    82.013995    
1888.738952    63.554411    
1970.906186    42.277806    
2054.960766    65.184768    
2012.378619    66.699817    
2019.361465    72.573167    
1972.799820    73.170029    
1957.079818    81.521411    
1994.459429    136.914369    
1943.711864    85.731125    
2059.024420    43.082729    
2048.682667    53.314619    
1997.047059    120.200216    
2164.143852    88.799287    
2113.607763    70.867234    
2122.130009    56.502681    
2105.110959    85.136957    
2121.105991    35.778111    
2349.579568    135.107292    
2098.153846    45.514354    
2171.727273    118.771398    
2302.156347    209.700358    
2291.761773    73.679314    
2281.115234    130.727787    
2244.274959    99.281344    
2137.927397    109.494449    
2282.600849    51.648924    
2345.211699    121.160221    
2306.376712    131.500845    
2291.956439    39.567597    
2341.663492    84.373251    
2532.464413    132.468514    
2373.732794    54.716027    
2376.590238    110.909352    
2384.054422    43.598240    
2480.675522    80.274831    
2480.267123    36.516705    
2380.395089    77.258279    
2423.806911    84.472643    
2231.597884    148.084041    
2386.795252    47.888126    
2348.473392    91.787224    
2285.908619    47.835691    
2442.388090    46.688483    
2433.464696    32.825395    
2435.259582    45.358662    
2702.759207    231.349407    
2462.208754    72.206892    
2451.495482    120.179873    
2616.847826    98.123460    
2722.759898    109.174991    
2522.539568    100.311046    
2595.954000    48.043937    
2776.605749    134.422197    
2750.846774    69.369807    
2634.703529    73.148112    
2654.038647    104.017712    
2812.601802    206.373950    
2831.760234    219.562038    
2629.600000    89.943275    
2778.738596    50.028624    
3017.880987    195.397939    
2922.682513    72.730795    
2813.693654    32.463382    
2855.275862    52.251643    
2837.339036    72.896805    
2872.541267    58.191381    
3157.280000    666.733315    
2909.170040    58.896906    
3237.492099    633.929518    
3527.000000    1339.655329    
2790.518634    67.402296    
2871.458333    79.468095    
2891.321637    92.303032    
2990.951983    113.433121    
2873.987805    113.188586    
4002.076923    1651.420470    
2902.846847    195.229059    
3045.428322    74.227467    
3038.651288    299.438799    
3245.284235    552.069665    
2827.041568    160.047468    
3696.042286    1147.626141    
3238.332080    496.444492    
3314.151675    152.165213    
3071.960581    95.880958    
3141.257496    182.299608    
3353.042159    113.474707    
3288.429646    213.934851    
3093.396135    99.731064    
3042.175070    81.714824    
3171.605571    128.825756    
3298.289267    172.464766    
3064.326154    103.187498    
3099.449176    115.702110    
3154.341860    176.313831    
3086.050691    87.744194    
3216.164706    115.922139    
3327.522272    304.063431    
3237.273438    93.812261    
3721.684857    795.822574    
3262.401649    113.580946    
3309.045190    116.938707    
3607.039752    430.595818    
3932.799406    1145.214097    
3164.501946    130.762702    
3446.710959    167.793448    
3669.099684    254.481798    
3368.665644    40.640446    
3739.656836    1426.096833    
3595.584091    384.518149    
4538.341867    1547.184669    
3431.167123    555.977335    
3254.873199    96.349245    
4195.672391    971.403396    
3593.571023    237.745126    
3700.835312    319.637742    
3515.752809    70.789874    
3429.427966    109.227768    
3558.330097    210.684275    
4157.918857    897.171992    
3931.204198    646.745633    
4130.297778    882.456910    
3795.861204    1267.278005    
4128.360061    413.325487    
3798.788462    332.306880    
4423.189420    1556.420934    
4005.828846    224.407252    
4174.240043    483.378808    
4006.524072    259.678172    
3984.902669    743.629845    
5391.902521    2673.733216    
4253.649123    372.257853    
3778.325048    143.420218    
3948.348928    176.795851    
4959.320197    1309.123421    
4468.831763    761.611257    
3791.366021    303.513867    
4733.224105    1792.860344    
3927.349896    541.205353    
4922.294271    2454.125114    
3871.699346    123.107747    
4085.464828    550.854349    
4114.983117    242.441169    
4173.913793    657.343719    
4996.547170    2302.722275    
5567.501408    2007.371066    
4477.250447    985.674834    
4136.952381    351.303648    
3875.821029    314.072868    
3977.941606    63.795896    
4872.742475    958.213288    
4255.445190    229.622920    
4196.611940    235.453323    
5073.164894    2189.482926    
4482.092174    419.515319    
4433.196610    1432.861625    
3992.951705    165.064486    
4517.692870    806.225673    
4763.642150    1346.750445    
5637.747253    2056.390240    
4708.296992    830.059796    
4223.304348    284.296136    
4260.392944    379.633727    
4137.042553    406.641369    
4251.141113    374.902407    
4383.354887    526.038079    
4492.120746    599.790570    
4391.384058    412.033006    
4327.172662    618.989731    
4695.990476    781.555092    
5598.273016    2005.599556    
5113.497738    951.022767    
5509.673736    1786.219243    
5280.236686    761.925851    
4521.220994    327.715145    
7642.343750    3072.740973    
5265.047544    1743.127109    
4887.054321    1184.282366    
5883.854938    2697.633155    
6218.070197    1540.709134    
6292.436688    2628.955258    
5903.276549    2092.717348    
5073.710952    696.446720    
5134.368696    1670.286240    
4755.233645    729.019865    
4536.190840    97.938454    
5276.452055    736.591920    
5119.560976    569.376442    
5212.474407    785.163694    
5261.482030    526.937781    
4886.190217    242.667942    
4640.365217    228.727836    
5907.916803    1354.240247    
5881.602917    1523.164892    
5828.297459    1447.305295    
5148.240476    1009.320994    
6405.001613    2752.782817    
5768.590535    1542.629594    
7050.482620    1965.672803    
4797.350515    315.947602    
7826.351523    2484.343532    
4891.468085    373.295223    
5801.926829    1822.865631    
6507.396947    2636.962313    
7555.058296    3039.375262    
7491.838710    2647.558963    
7732.545825    2705.181745    
7942.582840    3259.582844    
7512.537538    2980.698177    
6174.861720    1771.856029    
6751.383242    1554.236613    
8631.942275    2490.482617    
7038.503759    2957.634626    
5880.793539    644.754625    
7680.226415    2507.306436    
5239.631818    354.070224    
6540.540541    1553.140684    
5439.975806    354.142372    
4914.465181    302.076340    
5388.493769    583.595193    
5468.247191    1553.722017    
5778.897260    1371.807402    
5250.947183    456.693593    
6585.221465    1993.769106    
5479.168696    1332.433428    
5520.470817    1248.173559    
5534.356618    666.584406    
5844.053425    962.738895    
6350.006565    1874.259159    
6798.357050    1020.523061    
6539.687259    1345.025960    
5689.533333    1438.347472    
6118.457418    1194.671138    
6175.799499    987.759278    
8065.195599    2050.460736    
6416.451056    768.525503    
7771.831818    2339.641405    
8680.340176    2290.564481    
8061.849389    1347.009494    
8201.189147    1715.393388    
6713.835749    1283.508244    
7405.415094    1597.506590    
8590.967302    2306.101817    
8394.524422    2326.298233    
8447.617564    2193.568549    
7471.473868    1676.390603    
8575.440318    2066.042447    
8356.725664    1590.602535    
7860.160237    1523.203786    
7543.312639    1182.997119    
8472.136364    1863.355531    
8025.322759    2176.162632    
6610.384083    1145.662970    
8098.942249    1574.710046    
6117.868852    788.665533    
6592.434211    712.651037    
9273.925101    2546.630465    
6280.401585    499.781231    
6761.241814    2183.555288    
7069.451659    1263.443884    
6371.734400    949.869424    
7608.558052    1807.996830    
7115.122951    1722.623652    
9233.113186    2276.033042    
7230.985714    976.214498    
7916.335312    1777.316992    
7203.157724    1406.914604    
8332.674171    1406.791453    
8053.462445    1430.192536    
7828.707014    2174.705640    
7002.577236    1628.637432    
8901.240838    2437.556851    
7503.534989    1468.841771    
7189.275362    1319.034839    
7093.756303    1822.616065    
7715.075351    807.030927    
8538.247525    2040.962670    
8651.275124    1930.104435    
8243.266871    1893.638733    
9405.603604    2381.567910    
9308.965957    2115.156339    
8852.908213    1563.004096    
8829.779221    2508.319097    
9110.013158    2398.026741    
10208.838710    2489.356120    
9160.685714    1553.452197    
7688.986486    1573.974042    
8418.453608    1286.342453    
8755.034783    1750.899788    
7549.048673    1450.995783    
7497.196203    776.422170    
9498.614583    2239.222261    
7757.969697    1652.068195    
8082.829330    995.992766    
7768.340996    1376.201475    
6914.347126    1526.217698    
8809.747683    1898.064837    
7759.022727    2170.651339    
7752.160237    1663.203983    
7717.438380    1783.845049    
7436.796760    866.587280    
7275.684564    1356.434117    
8110.362602    1496.672877    
7321.071307    1085.324286    
9350.449949    2033.984254    
7828.337017    1797.674952    
7211.900498    1167.326763    
7160.617733    619.371822    
8479.067123    1248.407416    
8917.856263    1911.171501    
7145.956739    1199.981193    
6862.892405    715.991705    
7176.257353    1033.129861    
8965.667331    1513.787253    
9496.614130    2153.651037    
8727.408759    1210.146107    
9855.393750    1826.064173    
9674.934579    1855.510683    
10986.663366    1526.595684    
10630.250000    1826.335475    
10463.065327    1565.340376    
10773.696629    1349.408571    
10568.709524    1292.908297    
10817.512195    1287.406082    
10845.945312    1317.050198    
9862.747170    1545.663988    
9915.526786    1774.545032    
10781.043269    1403.507261    
10493.010239    1597.619066    
9666.174061    1870.761127    
9761.503497    1848.816196    
11202.435484    1560.196329    
10946.868263    1498.087006    
9794.495575    1331.530805    
9724.803922    1577.943947    
9161.343750    1647.762064    
7454.363636    917.143270    
10740.971572    1461.393829    
8349.724444    1787.362397    
10077.343049    2041.887416    
9925.508982    1814.946808    
10438.584906    1978.660529    
9310.324484    2135.293819    
10556.500000    1647.493047    
11009.221797    1298.640247    
9392.483759    1674.960707    
9931.347305    1387.147346    
10813.985782    1373.451547    
11126.884615    1362.723999    
11196.967914    1322.612307    
10987.666667    1458.598043    
11194.972727    1314.507184    
10904.399177    1356.578748    
10309.960526    1466.644604    
11308.992690    1223.618035    
10305.752381    1583.606483    
9770.742188    1729.207946    
9943.595455    1472.613840    
10576.747292    1574.500652    
11003.475758    1231.751557    
10664.781659    1355.239325    
10335.150602    1138.061232    
10571.773333    1446.996640    
11097.005556    1212.067469    
10597.120603    1294.907552    
10647.962644    1364.996596    
11017.438017    1129.705585    
10865.336207    1279.476300    
11219.762009    1202.227154    
10830.084211    1386.749146    
10634.409677    1516.459185    
9849.071429    1574.271011    
10649.593407    1252.268289    
11088.459227    1290.270381    
10416.934896    1451.428863    
10542.538462    1460.291045    
10985.607362    1281.778741    
11172.354565    1252.405102    
11493.414141    1253.449543    
10661.765957    1414.390421    
11405.211712    1006.718129    
10821.345196    1184.206781    
11192.404110    1327.780093    
11059.893471    1364.694096    
11569.338384    1113.949327    
10497.364615    1489.367594    
10993.617811    1098.119453    
10810.006154    1543.061351    
11415.236287    1071.940598    
10745.807377    1484.236730    
12189.163399    628.686144    
11307.082849    1065.024874    
10859.863958    1472.318617    
10467.913636    2091.885406    
11514.271468    940.072153    
10086.632466    1439.760676    
10987.583732    1260.000391    
10633.063529    1333.140763    
11076.542194    1169.743904    
10974.688969    1298.975844    
11308.176471    1092.768124    
11176.300860    1215.596548    
11065.992347    1338.614785    
11485.125604    1030.398391    
10704.282723    1372.723516    
10751.874814    1392.451038    
11326.830565    1211.856970    
10312.127303    1159.663721    
11318.926357    1099.295785    
11083.849438    1328.338197    
10591.842893    1673.220364    
10418.905429    1523.878831    
10826.265700    1362.107530    
11510.924479    1073.463222    
11210.417349    1304.892550    
11033.693820    1227.811284    
10315.449871    1268.568146    
11559.192000    1018.525235    
11686.548596    897.154962    
11496.944272    976.650694    
10924.191736    1703.039199    
11266.035494    1121.301403    
10746.389691    1152.676535    
11396.853659    1011.857100    
10759.582249    1104.740709    
11140.432133    1206.828311    
11277.004049    1052.458669    
11264.480925    1079.864007    
11218.560633    1228.077405    
10562.589583    1076.268037    
11214.517291    1032.251982    
10965.408571    1293.722431    
11603.643750    995.921250    
11155.480589    1021.155843    
11322.222656    1290.059887    
10936.624143    1211.368145    
11134.160229    1134.956370    
11464.631692    1053.781345    
11171.094017    1287.128383    
11389.602273    1015.073585    
11574.131048    1064.451461    
11011.930769    1473.333090    
11499.917492    969.783333    
10916.547727    1096.635098    
11085.557522    1379.213471    
11392.822180    1140.137017    
10686.957647    1065.574456    
11037.853727    1122.402710    
11530.628906    1121.144015    
11195.462304    1234.415625    
11066.645161    1355.851385    
11302.239940    1083.636973    
11052.180662    1361.016215    
11224.954497    1040.552379    
11285.506037    986.269536    
11660.438976    800.482558    
11095.374140    1256.068213    
11326.719008    926.660907    
10681.451465    1024.098336    
11563.067819    1153.161962    
11340.838462    1009.655873    
11212.855499    1018.964832    
11166.091684    1011.723000    
10285.454955    1455.570234    
11304.940299    1103.269708    
10722.282386    972.349629    
11035.259341    1033.523906    
10970.615842    1048.237697    
11876.775148    798.505314    
11356.702532    1029.177750    
11361.691200    910.888958    
11511.767726    924.510905    
11316.318618    1130.827655    
11343.922835    1083.041686    
11278.424063    1045.910705    
11418.927273    1141.119478    
11591.701695    896.545598    
11376.538715    1035.432580    
11789.990706    826.953621    
11378.063521    1099.386697    
10669.302682    1177.611872    
11304.286682    1028.285804    
11059.837383    970.676379    
11284.461059    1171.277233    
11425.038674    1080.126892    
11510.758687    1084.598295    
11262.808271    1232.331816    
11531.945607    879.302924    
11410.340580    931.050836    
11760.591054    895.847291    
10966.847561    1172.393833    
11772.505376    925.717324    
11352.717105    988.711683    
11892.645946    733.187013    
11384.596965    924.589765    
11422.026178    851.797943    
11433.800000    944.802854    
11135.022388    1264.046530    
11632.317460    1016.793867    
11360.714286    896.643745    
11710.275449    1014.809175    
11407.149660    1128.466334    
11793.376582    879.761166    
11512.696970    1029.731626    
11748.833807    870.432584    
11396.418321    973.215441    
11454.069307    1227.176682    
11907.974874    925.972090    
11452.809927    852.360329    
11132.883072    1231.008481    
11589.572727    849.629646    
11557.025735    1134.864262    
11590.792576    844.795000    
11315.293497    1066.882789    
11410.136719    825.848816    
11478.537288    977.938841    
11004.610465    1030.781166    
10934.595376    1028.472566    
11662.233119    1008.032396    
11286.573643    881.155127    
11525.436105    951.363957    
11297.244681    1041.200269    
11342.125206    863.096470    
11668.079523    925.191841    
11755.030928    738.482175    
11229.084416    1149.747196    
11743.572222    666.664904    
11153.856925    1093.491579    
11386.628205    1086.557966    
11931.936639    696.964666    
11860.995370    721.679234    
11709.508235    765.555531    
11738.726937    955.404193    
12036.845833    682.362536    
11807.977974    850.403861    
12010.342105    683.517046    
12083.632997    545.741312    
11824.432292    813.618724    
11716.735060    846.263187    
11958.020408    797.954481    
11673.721649    920.554234    
11756.657534    785.274639    
11408.659138    975.772882    
11645.548624    910.258857    
11816.093750    800.666072    
11681.337838    871.993550    
11702.211111    808.377247    
11970.159639    750.389940    
11422.612293    962.380697    
11481.195755    938.189209    
11613.041543    903.101288    
11469.611440    904.032669    
11893.750742    776.327356    
11216.691023    896.638627    
11973.742317    673.077939    
11674.745721    754.956950    
11936.699700    776.138068    
11462.875358    823.324712    
12254.731959    467.585816    
11752.116883    754.969802    
11689.647887    830.257736    
11634.439883    919.032329    
11389.635669    980.631350    
11597.327957    832.524049    
12159.797297    650.526709    
11738.181818    793.307776    
11724.288462    821.667628    
11563.720170    1052.221292    
10766.077100    1172.951264    
10617.876643    938.765644    
11514.289269    864.144489    
11372.773399    1051.841295    
11469.823708    1156.378345    
11073.787554    1160.128497    
11228.500000    1028.538737    
11659.475819    786.051377    
11579.223529    865.184332    
11869.493421    801.958535    
11663.205821    1003.469145    
11795.235421    827.340261    
11527.693029    869.239670    
11088.600000    960.385739    
11540.686183    1025.897729    
11861.795252    892.190291    
11902.534271    786.609379    
11281.866209    980.368495    
11576.701262    943.931627    
11384.424069    1032.980523    
11663.745063    1109.369402    
10594.837061    1198.159189    
11595.073286    836.461227    
11676.922619    867.780574    
10990.762690    1151.593231    
10998.591209    1014.880065    
11200.821648    932.064104    
11667.184369    894.694553    
11501.300000    1094.058872    
11559.056098    765.282326    
12034.550827    734.767995    
11300.743386    1173.569513    
11576.777605    867.070084    
11589.832180    1111.408716    
11611.703474    785.023794    
11613.047619    878.594141    
11201.333333    1180.393692    
11187.049312    835.834037    
11491.072790    1161.483035    
11034.333722    1129.781702    
10973.829932    1012.809597    
11161.980349    856.289642    
11627.190476    929.427057    
11707.765690    755.879390    
11511.459701    929.488622    
11049.000000    1065.337134    
11190.240148    1023.657333    
11143.611504    1017.136014    
10951.379852    872.850274    
11150.678205    1008.293053    
11417.884536    1141.069324    
11400.537608    977.016610    
11490.042918    902.369788    
11427.953488    1107.122583    
11577.589474    1130.763417    
11150.253129    983.265241    
11364.154195    841.028342    
10869.936296    1318.535550    
11590.398649    1244.061697    
10956.952842    1101.975758    
11351.926160    1033.469208    
11232.178641    1228.843862    
11353.658683    1119.789539    
11086.342857    1053.058660    
11252.457711    1080.692602    
11010.580786    1302.194954    
10562.439179    1476.422575    
11257.132785    929.093760    
10998.208078    1316.420762    
12058.544413    706.451597    
10592.502987    1091.748445    
10067.296574    1064.396960    
11142.134478    1068.319508    
11433.979775    981.025542    
11362.045198    1323.257688    
11538.283892    1007.706733    
10775.447541    1300.143518    
11080.017660    1197.748224    
11329.527638    1080.086954    
10960.020734    1248.517289    
11511.221854    1130.000412    
10946.330986    1434.421777    
11018.434921    1231.415821    
11225.030600    961.872440    
11386.894118    1230.951638    
11396.226804    1156.348316    
11355.036697    1053.018284    
11207.705628    1166.411858    
10519.221766    1981.845968    
10771.223077    1822.725904    
11602.656716    1184.564751    
9951.991238    1421.094628    
10133.021818    1351.082997    
11061.714946    1329.681717    
11082.541667    1398.335214    
10110.579365    1849.679968    
9570.401709    1693.079176    
10840.348548    1276.937410    
10545.246606    1152.844177    
10415.667286    1575.370654    
10211.134286    1432.741270    
9937.559175    1318.447222    
10492.352273    1444.479936    
10915.348684    1267.763091    
10123.023173    1223.057207    
9000.758294    1365.888380    
11061.312432    1108.157941    
10975.779221    1585.331249    
9140.849614    1469.525159    
9998.508509    1156.521856    
8962.564679    1777.215144    
10495.775934    1470.695042    
10157.888726    1504.799419    
9520.411765    1126.705835    
9439.203846    1464.373558    
8642.608476    1366.657070    
9601.510345    1511.769812    
9162.775928    1454.450732    
8095.158986    1269.771601    
8263.751462    1366.313482    
9925.146341    1630.720795    
9000.339130    1444.993548    
10042.130268    1572.254522    
11261.565104    1347.606563    
11159.150160    1275.585649    
11116.350168    1733.904851    
9713.038095    2070.902160    
9401.480901    1177.384940    
7421.438287    1033.298131    
7354.025692    933.374320    
7606.981261    1574.097187    
6696.606061    721.808404    
8969.528211    1522.573807    
7815.344675    1267.914429    
10006.942434    1781.357520    
8840.274274    1398.004024    
7955.760314    915.875181    
7556.768439    1082.446525    
9939.287736    1920.001214    
9028.480290    1704.309622    
9329.126177    2027.623396    
9562.617418    1509.856933    
8347.109890    1738.771649    
9367.725000    1719.151231    
8394.661702    1626.400785    
10101.136919    1869.552172    
7680.625344    1623.394733    
8478.603495    945.539733    
10677.471299    1737.292856    
6909.830508    1658.749459    
7696.150718    1444.237576    
10583.840659    1734.955113    
8417.418327    1388.387478    
7922.551370    1574.579056    
9155.187713    2148.354306    
7292.780142    1189.083198    
7811.403118    1376.278053    
8243.094313    1923.278415    
9255.776632    1897.241454    
8294.300188    2183.532365    
8012.482255    1976.404082    
6696.996593    1110.572130    
8437.353680    2218.866793    
8124.836145    1749.520133    
8242.445667    1864.398052    
7297.435185    1055.623614    
7788.675237    1644.928200    
7047.177273    973.201661    
7997.175711    1921.244873    
7724.610119    1686.916728    
7544.847797    1424.312433    
7222.273859    1445.135701    
8511.033019    2120.294165    
7510.279188    1476.108428    
7223.450758    1204.669740    
8036.878906    2427.967419    
6999.610586    1060.146398    
6081.424947    1043.916195    
6768.969811    1071.927935    
7185.946686    1693.741433    
7613.902381    2007.358233    
8518.453831    2751.653928    
7164.137485    1888.469265    
7792.161094    2153.035557    
6636.433409    1396.246908    
7673.441955    1963.936099    
8467.871345    2856.438376    
7463.056250    2649.892763    
6677.000000    2088.045529    
7224.633245    1950.950901    
5299.725898    973.708041    
5314.112108    530.223405    
6358.167286    1029.147130    
5973.118841    921.331036    
6072.815175    1349.553847    
6828.379507    2158.327279    
5979.147249    1310.333692    
6746.054233    1329.082795    
6720.759916    1869.809009    
6274.245902    1932.287730    
8105.034535    2849.414349    
8834.604651    2841.742242    
6993.589816    1833.438710    
6699.091052    2279.638452    
6196.313846    1606.351291    
5758.738292    1701.688209    
6424.929577    2658.701017    
8012.240296    2816.966450    
4772.705167    229.766383    
5830.185886    1340.587838    
6915.475375    2448.976532    
5653.858086    1641.023388    
6066.732394    2419.535228    
5075.286538    685.493944    
5725.350230    1953.917678    
5793.159892    1075.266874    
7350.612342    2703.886267    
6236.461279    1919.423318    
6634.962171    2217.417969    
6654.386260    2379.731137    
4457.572414    157.945418    
5816.068627    1222.093488    
7143.765537    3394.571981    
4478.699346    534.856411    
4760.933504    1028.866804    
4545.612420    1193.861160    
4337.229462    154.654732    
5080.213552    1864.130615    
4377.066778    728.357738    
4523.248862    838.227005    
5927.366940    2307.329607    
4998.298765    2473.627000    
4010.586255    232.328783    
3969.492683    93.339199    
5144.913462    1962.787366    
4954.906846    1106.020103    
4505.916031    1908.385264    
4004.040134    292.508643    
3757.353902    225.294629    
3918.305825    148.441380    
4198.615658    316.999350    
3817.231691    288.014808    
4236.952733    763.411832    
3757.568480    317.436179    
4364.822955    962.210970    
4453.759834    2012.761249    
3547.505393    195.673938    
3370.366167    164.716357    
4377.899573    1777.862143    
3321.974504    133.596733    
3564.865854    166.297424    
3938.717514    1113.422637    
3380.914444    173.252110    
3290.170320    88.353324    
3424.901515    236.089465    
3240.615697    85.334848    
3640.611797    658.039570    
3330.802935    253.139360    
3331.926868    246.233628    
3208.508086    132.360711    
3250.173524    74.529342    
3246.807487    154.987132    
3115.418874    127.378750    
2984.392053    141.882490    
3112.792424    196.201653    
3177.154062    92.733625    
2991.782450    169.266074    
3011.836763    143.944851    
3059.944521    136.190084    
2982.411885    168.108091    
2744.258679    108.337675    
2940.425926    173.464331    
2858.233038    276.419989    
2671.429440    78.350462    
2676.523046    66.925638    
2753.969231    87.272159    
2794.963338    82.951206    
