4330.000000    1018.262659    
3891.492754    189.853462    
5073.737705    2191.783583    
5427.442308    2139.878712    
6340.535714    2821.332189    
5645.121212    2011.796638    
4790.958333    2375.324390    
5696.740741    2222.193254    
5455.569231    2327.798279    
4954.575342    1217.039648    
5818.506329    2208.351593    
6120.125000    2581.849557    
5606.571429    2503.009209    
3932.769231    475.049852    
5807.921569    2962.378276    
5247.034483    1600.840232    
4276.333333    680.367413    
5024.355932    2000.546339    
6560.217391    3130.273310    
4924.333333    1588.892986    
4331.714286    905.235310    
5268.571429    2017.875747    
5545.803279    2016.439979    
5775.282051    1648.419429    
4213.823529    620.804529    
4012.804348    335.426699    
5170.469388    1998.813261    
4913.260274    1183.446592    
6355.085106    1938.338583    
6321.696429    2116.470182    
4176.029412    1335.787463    
5171.658228    1192.164704    
7565.031250    3221.886055    
5047.314286    2471.544211    
4759.402985    1595.175647    
5014.847458    1377.924180    
6615.968750    2943.753041    
5512.555556    1646.400825    
5605.687500    2124.890577    
6415.111111    2815.074334    
5463.761194    1286.107666    
4835.481481    1752.635484    
5062.632653    2339.670496    
4998.869565    1364.745606    
5316.815789    2519.680920    
4873.577778    2097.179084    
4318.361111    1585.807894    
4828.803030    1897.963943    
5993.446809    3072.653215    
5198.031250    1743.177630    
4696.931818    1095.652585    
5268.566667    1556.519808    
6150.742857    1994.465132    
4521.701299    1167.562096    
4413.250000    1093.491672    
4788.666667    1105.676878    
5406.310345    1713.609582    
5204.728571    1583.437679    
5202.875000    2346.726581    
4889.538462    1997.219293    
6642.094340    2439.039567    
4534.312500    1298.508795    
4863.466667    1182.318412    
5456.960000    2611.395251    
4789.469697    1378.782568    
5346.028571    1700.607849    
5303.574468    2666.945426    
5435.404255    2443.586174    
4883.242857    1841.872071    
6451.079365    2258.641081    
4810.818182    1290.542779    
4737.166667    1959.370768    
4519.303030    1050.800474    
4502.486486    942.800103    
4591.500000    935.316093    
5591.447368    1938.101529    
4553.250000    919.788624    
4746.280000    1437.061669    
4654.359375    1325.771537    
5276.567568    1841.113243    
5055.034884    1755.279494    
5052.259259    1217.702058    
5158.484375    1817.313367    
4547.886792    2053.228619    
5836.942857    2397.742497    
4953.315789    1525.946484    
4656.280000    897.028562    
5243.139535    2177.178455    
4985.054054    1048.297254    
4145.654545    558.827839    
4693.507246    753.786031    
4242.971831    578.397494    
4682.750000    873.950001    
4979.980000    1936.263448    
5171.172840    1608.026847    
4187.258621    642.330336    
4528.200000    879.410090    
5221.403846    2216.927198    
5071.952381    2240.269956    
5178.049383    1705.834540    
6138.930556    2040.684650    
5372.833333    1626.848520    
4436.527027    1284.349959    
6442.070588    1827.160683    
4834.694444    2010.301288    
4815.057971    1133.874107    
4473.514706    579.958150    
5226.228571    2012.958457    
5551.583333    2197.517006    
6272.942308    2379.007691    
5610.063492    2251.560869    
5632.842105    2210.034895    
4731.888889    1014.610665    
7308.327586    2535.249871    
5397.576271    2138.848963    
4625.488636    805.210320    
4248.354839    419.838567    
4772.542857    1485.424900    
5359.767857    2290.630543    
5622.055556    2225.448818    
5489.170732    2547.670911    
5259.906977    1496.568522    
5490.549020    2646.332944    
6135.342105    2717.020754    
6464.830189    2444.208293    
6118.037037    2246.726724    
4976.145833    1672.389869    
4398.761194    871.016289    
4677.538462    1518.354581    
4764.946429    1228.285644    
6507.877193    2474.710233    
4799.135593    2076.495642    
7483.096154    2817.955234    
5875.542857    3009.719933    
4597.723077    855.145143    
4845.200000    1464.354042    
5123.306818    1209.045354    
4449.701031    803.018098    
4858.240964    1627.550955    
5623.880952    2564.305134    
5951.952381    1898.173570    
4628.218750    1013.906546    
4559.057692    965.499301    
5396.352941    1915.011056    
5365.678571    2379.013444    
5247.371429    2131.399454    
3891.593750    394.484779    
5773.235294    1534.233303    
5037.117021    1382.078483    
4170.666667    822.066948    
4779.315789    1943.599348    
6613.014706    2590.522066    
3838.654545    194.224539    
4438.212121    1431.913961    
4384.915254    1278.657297    
5716.717391    1432.755094    
4839.686747    970.136035    
6930.277778    2770.818721    
4702.355932    700.722237    
5586.709677    2261.920347    
5327.328947    1324.402213    
6025.642857    3333.748111    
4687.904762    761.455993    
5094.062500    1568.830488    
5994.938776    2117.277154    
6282.484848    1912.664833    
6649.382979    2545.604351    
4851.148649    1319.833023    
5679.000000    2224.986292    
4167.476190    977.653367    
6548.157895    2966.585566    
5294.494382    1641.679060    
4392.540984    1096.140570    
5696.060241    1619.268311    
4480.884615    1784.596988    
4143.150943    507.913505    
5107.587302    1302.695236    
4491.491803    1134.398138    
4218.380952    392.148961    
3953.000000    553.182894    
4711.057971    1225.455619    
5347.983333    1527.907071    
5629.239130    2542.977775    
4029.780822    431.147823    
5742.945455    1998.163074    
4094.075000    1344.303916    
5809.231884    2049.298842    
5407.421053    1978.857613    
4169.897059    813.889990    
5404.621622    2044.275863    
6235.781818    2622.567886    
6843.734694    3112.664649    
5029.104478    1071.975595    
5332.119403    1872.421925    
5177.641509    1165.421198    
4281.227273    671.040684    
4068.607143    1337.937454    
4934.860759    1200.807932    
4822.466667    1102.719430    
5305.621622    1082.369706    
4181.900000    703.884226    
5601.164835    2123.150397    
4331.800000    473.900633    
5791.611111    2324.002203    
4897.740741    2484.188989    
4462.975610    1346.003633    
3999.971429    1239.085181    
4863.698113    1225.255423    
4840.220000    1139.877349    
6462.183099    2023.730395    
4768.913793    1488.639871    
4572.036145    1121.788315    
4774.865979    1079.639789    
4286.964286    1143.211500    
6216.883721    3251.992107    
4252.612245    831.284298    
4938.944444    1284.854948    
6010.780488    2512.357502    
4870.342857    1205.755162    
4918.327586    1702.834517    
6428.014925    2412.717694    
5359.081967    1895.003225    
7024.175439    2525.801621    
5511.129630    2552.432297    
4870.387097    1294.751095    
3929.736111    283.213798    
5015.731343    1906.806204    
5419.021277    2219.064979    
4554.490909    1725.341440    
4573.800000    980.313929    
4635.544304    1061.057030    
5406.920635    1869.713749    
4832.116667    1444.034950    
6540.859375    2831.282615    
5299.960000    2439.706966    
4870.230769    2223.813404    
4862.351351    1369.366084    
5317.466667    1650.514716    
5194.909091    2479.083547    
6062.235294    2770.759930    
5894.339286    2405.859108    
4512.203704    1182.153800    
5950.000000    2451.708890    
6284.574074    2097.925736    
6038.480769    2685.099837    
4260.830986    997.173202    
5719.107143    1827.072919    
5245.484848    1818.151711    
4985.869565    2217.820195    
6757.666667    2705.136082    
5402.730769    1790.265871    
4452.317073    910.925058    
4334.000000    1023.326863    
4576.681159    890.922913    
5569.057971    2453.375485    
4396.581395    1198.231434    
3861.659091    253.866907    
5409.364865    2282.074522    
4625.400000    745.449475    
4230.239130    502.754054    
5038.378378    1648.546433    
5715.333333    1624.523400    
4928.878049    2158.390482    
5008.876712    987.020991    
6800.812500    2607.867493    
4777.046154    1400.217977    
6685.536585    2225.053204    
5159.545455    1698.460638    
5549.285714    2315.088636    
5115.411765    2231.683664    
4095.956522    1224.546653    
5082.127273    1281.005785    
5240.610169    2049.100117    
5877.016393    1632.772012    
4574.806452    850.168083    
5557.854167    1507.578577    
6127.203125    2538.742468    
5551.200000    2353.609857    
4839.295082    1554.016471    
5631.890909    1986.819960    
5356.238095    1896.567586    
4827.412500    1264.438855    
5457.825000    2680.438527    
4763.555556    1309.378003    
4815.771930    1395.690083    
4809.000000    1593.300528    
4345.878788    1061.853918    
5546.000000    2093.373321    
6247.180556    2269.994899    
4188.313433    759.131460    
5261.963636    1297.014642    
5348.602941    2091.352856    
5146.283951    967.289700    
5924.419355    1828.256737    
4773.016129    1489.871390    
4407.794118    637.290209    
4919.275000    1416.399573    
5785.259740    1873.649328    
4487.342857    1596.893769    
5166.061224    1893.267313    
4838.779661    1373.434728    
4814.385965    1939.504565    
4970.827160    730.294863    
5491.338235    1541.787776    
4686.113208    2126.731354    
5228.204545    1624.682774    
4656.127660    1181.569757    
6040.500000    2349.920771    
5856.661290    2186.792473    
4562.333333    918.333100    
4556.342466    1142.431500    
5333.893204    954.881398    
4880.123288    1543.136567    
6573.807018    2794.575607    
5941.875000    2766.359194    
5177.787234    2154.290088    
6827.750000    3328.838932    
5691.857143    2201.164479    
5126.944444    1989.453281    
5506.575000    2343.316719    
5405.244444    1733.413122    
4905.959184    1950.519271    
5710.833333    2903.001820    
5639.529412    2707.112827    
4476.125000    1551.492811    
4860.338710    1329.043859    
4383.265823    914.350800    
4385.613636    1071.283517    
5440.510204    2232.554573    
5184.761905    2452.061454    
5413.530612    1937.267949    
4981.433962    1998.491549    
4675.541667    1288.001859    
4754.575758    1351.033993    
4799.268293    898.600077    
4421.064516    1050.373250    
4063.729730    792.221838    
5050.819672    1721.387788    
5008.864865    1641.765705    
7048.964286    3099.386552    
5300.568182    1554.014499    
4228.461538    1108.731820    
6759.101449    3191.814109    
4478.975000    1613.504795    
4349.833333    629.019895    
4363.619718    749.365015    
6290.957143    2321.690323    
5882.085714    2468.820665    
4815.900000    2120.195649    
4419.140000    1213.834701    
4977.236111    1307.243745    
5794.260000    1975.194733    
4664.285714    652.384647    
5101.557377    2107.724276    
4118.295455    851.262580    
5137.560606    1515.173279    
5117.323077    1601.279999    
4403.296875    1073.692689    
4690.950820    849.361273    
5445.893333    1972.963859    
6490.450000    2368.058462    
4586.269841    971.323189    
5346.212121    2255.700345    
5150.422535    1664.167412    
6890.184615    2967.012358    
4549.673913    1988.973671    
4945.200000    1275.797274    
5101.573529    1926.475648    
4572.735294    1309.192281    
4694.846154    1332.398542    
5353.807018    1931.205245    
5013.140000    2429.300401    
6173.741379    2858.412349    
5099.055556    1800.524156    
4522.636364    1129.644388    
5381.651163    1431.602223    
4392.040816    1870.339519    
7719.483871    2949.906241    
5847.000000    2020.377798    
4910.155172    2178.998092    
4696.666667    912.424146    
4594.704545    1099.791098    
5757.956522    2694.694344    
5476.818182    2643.255225    
6607.681818    2928.251524    
5348.138889    2362.858158    
5642.333333    1614.732487    
5413.041667    1702.508504    
6744.191176    2538.408095    
7028.140000    2951.880323    
5137.988095    1434.091761    
4533.392857    1478.745664    
5007.369048    1657.205686    
6344.439024    2981.375489    
4693.696203    1410.097818    
5402.172840    1745.718797    
5051.648649    1454.590612    
7018.352941    2300.269177    
4727.528571    1844.654491    
5417.931034    2353.933838    
5685.125000    2876.025807    
4656.659091    1778.316338    
4451.700000    1062.149843    
4451.200000    1473.605208    
6454.411765    2790.564155    
6070.356164    2540.013382    
6454.453333    2546.665518    
5377.755102    2257.411987    
5012.281250    2397.288810    
6195.941176    2858.252197    
5104.666667    1440.782614    
5702.339286    2317.104861    
3894.913793    698.579946    
5475.250000    1862.462122    
4754.808219    1673.181799    
5761.275000    2418.168325    
5442.259259    2258.081332    
4243.080645    1049.389212    
4134.727273    1090.743415    
6721.957447    2905.190227    
6007.566667    1812.532146    
5715.979592    2032.244657    
6097.061728    2418.980309    
5040.142857    1689.676738    
4614.634146    1546.377557    
5522.171429    2250.323272    
4512.680000    729.321491    
5555.580000    2815.619329    
4836.222222    1883.861285    
5749.942857    2094.189525    
5167.609756    2362.052568    
4355.804348    726.161906    
5559.815385    1605.224441    
4738.650794    1176.210206    
5170.833333    2362.275143    
5212.285714    2204.779872    
4293.340426    533.310228    
4347.423913    866.468084    
4848.910448    1459.943290    
5617.723404    2625.530396    
3950.020408    434.926195    
4912.169492    2113.617721    
6272.354167    2433.128700    
4252.830508    539.421603    
6105.803279    2621.094408    
4101.043478    262.009040    
5250.208333    1772.269166    
5296.085714    1255.628195    
5137.575758    1874.457967    
5550.800000    2654.752907    
4380.023256    905.358813    
5853.869565    1505.141631    
5574.967213    1632.685748    
5517.666667    1311.588777    
5229.986842    2279.470336    
5801.670886    2085.950548    
6375.984848    2587.839906    
5069.092593    1607.787418    
7047.438596    3018.989229    
4625.344828    647.526049    
4640.451613    1517.616336    
6223.722222    2983.236928    
5769.452055    2236.164323    
4698.450980    1964.224063    
5953.081633    2973.832399    
4749.246154    1631.868990    
6397.181818    2894.792199    
4157.264151    592.363005    
6927.820000    2807.078465    
4779.833333    1842.107216    
6842.880000    2921.977588    
4913.800000    1507.103951    
4631.812500    1676.557953    
4241.791667    622.341946    
4637.609375    843.334039    
4971.708333    1075.593285    
6314.301370    3000.808798    
5282.880000    2134.446164    
5119.469697    1410.673375    
5828.379310    2095.839169    
6453.149254    2930.900026    
4662.322581    1467.905440    
4354.141026    575.281664    
4665.905660    1576.915454    
4919.076923    1618.277016    
4695.394737    1160.235549    
6849.738095    2874.568854    
6422.687500    3199.020079    
5147.375000    1570.712174    
5450.880000    2802.231151    
4963.618182    2081.218686    
4992.017544    1532.106433    
4869.487805    2103.417395    
4800.772727    1601.553165    
5025.096774    1870.161859    
5519.653846    2180.452131    
5581.081967    1500.259904    
5326.789474    2542.221806    
6194.230769    2621.418404    
5822.444444    3094.781083    
5181.581081    1825.162296    
4906.878788    960.816785    
5169.369863    2162.077689    
4771.617647    999.615044    
4229.410714    1201.873029    
5282.888889    1672.508442    
5248.782609    2020.726386    
5946.754386    2329.417571    
5365.340000    1304.259232    
4843.578947    1659.571832    
5003.055556    2121.947428    
5021.318182    1846.969887    
4526.984127    1230.392511    
5379.314815    1893.615333    
4474.611111    1697.921962    
5606.116279    2333.976009    
4066.328767    607.696573    
5399.730769    2443.364689    
4961.375000    1788.927537    
4690.015385    860.881453    
5349.237113    1401.526986    
5478.780488    2362.068807    
4791.261905    1876.237935    
6004.071429    2695.770147    
4395.081081    1226.881266    
4867.444444    1105.024251    
4711.253968    1083.055920    
5197.441558    974.019340    
4438.451220    1155.574476    
6001.666667    2224.704669    
4477.082353    1003.446417    
4608.206897    1292.094914    
5021.270588    1401.346289    
5035.044776    1824.191945    
4446.136364    747.991705    
5567.836364    2269.759881    
4431.268293    921.259346    
5126.507246    1486.451027    
4830.396226    1482.998090    
6322.616438    2284.317701    
5904.341463    3048.520934    
5180.015385    2230.147753    
6017.725806    2410.634859    
4943.535211    977.979101    
5429.291139    2171.380114    
5327.388060    1938.036858    
6023.784615    2768.318871    
4234.712121    654.661462    
5670.900000    2008.992564    
7306.300000    2891.377335    
4414.690909    743.051396    
5490.680556    2180.854661    
5728.615385    2481.301020    
5450.074074    2082.693927    
5035.532258    1702.571989    
4854.571429    1206.186250    
5051.730769    1432.585521    
4932.218182    1386.023805    
4669.333333    1310.328867    
5211.812500    2832.036191    
4810.532258    1115.950047    
4496.128571    1203.345277    
5246.750000    1487.200885    
4273.328358    731.427624    
4942.815789    1321.360799    
4861.673077    2205.367820    
4803.902439    1952.599266    
4513.000000    1049.412861    
4055.365385    926.627861    
4320.307692    885.339791    
4984.786885    1895.221732    
4638.142857    1639.708722    
4728.333333    1366.572009    
4454.277778    1016.048435    
4682.463768    1382.506405    
5064.384615    2208.496061    
5592.372881    2444.322442    
4303.529412    1177.503114    
6420.571429    3116.129163    
6126.205128    2118.393055    
4638.246753    1542.037084    
4600.000000    1020.699809    
4508.849057    1426.756123    
6184.117647    3153.679819    
5040.970149    1459.279775    
4849.774648    1357.297877    
5960.750000    2254.743787    
4448.597403    1016.793691    
6239.610390    1953.626187    
4564.240000    1585.183597    
4672.391304    1706.237867    
4939.651163    2121.113506    
7002.970149    3194.159628    
4869.849315    1514.321392    
5488.046512    2467.454049    
5611.527273    2371.634472    
5439.723077    2711.140495    
4584.313725    1502.211579    
4545.636364    1228.170944    
5267.600000    1731.500814    
4602.666667    1117.587978    
5158.358025    1824.295395    
6179.854167    2545.001236    
5317.678571    1783.636856    
4602.756098    1689.835737    
5545.220000    1803.982941    
5494.035714    1973.137950    
5400.328125    1638.277278    
5004.433333    1756.792213    
5324.553571    1928.635490    
4582.904762    1039.796633    
5263.500000    1930.711293    
4709.797297    1083.853635    
4872.000000    1746.118105    
6252.977778    2160.879723    
5051.975610    1471.940721    
4354.454545    1085.146355    
4707.680851    1368.997243    
4983.442623    1401.849008    
5328.157895    2545.344786    
5904.392857    3197.769461    
5010.236842    1798.835653    
4292.772727    1302.647302    
6379.958333    2771.547710    
4465.491803    490.724477    
5580.625000    2504.716011    
5330.538462    1958.020579    
4686.394737    1717.179979    
5197.240964    2014.979892    
5347.684211    2456.904515    
4487.750000    1607.032644    
4544.029851    1687.828093    
5125.083333    2223.117039    
4876.439560    1235.219020    
4717.872340    1647.266641    
5667.056604    2109.746917    
5740.238806    1801.213481    
4544.163265    1623.770711    
5978.439394    2481.290568    
6111.096386    2176.657284    
4756.888889    1758.957522    
5024.806452    1841.228349    
5886.821429    2573.118037    
4202.682540    1070.368648    
5426.444444    1741.875170    
4416.353846    697.462311    
4863.067797    1775.157571    
4628.163636    1573.490165    
5233.819444    1414.404972    
5232.657534    1677.153061    
4612.636364    1537.975338    
5725.873239    2559.941284    
4973.585714    1535.607534    
4868.312500    2357.345737    
4630.684211    1488.178401    
4538.385714    1338.099765    
4852.511111    2318.485201    
4784.761905    1433.676855    
4631.708333    1523.822796    
4198.095238    534.493031    
6101.192982    2286.060424    
4178.142857    774.545531    
6632.266667    2547.626097    
6603.500000    2739.861195    
4419.102041    1073.007964    
5098.318841    1487.682465    
4327.580247    669.968967    
4197.800000    874.005652    
5448.200000    1903.575688    
4584.953846    1536.194904    
4406.067797    983.958744    
5203.100000    1648.902199    
4776.800000    1696.382704    
4857.080000    1313.575759    
5335.200000    2165.008130    
4170.276596    899.066222    
5564.716418    1961.235696    
5169.872340    2170.464698    
4932.745763    1706.581364    
6696.539683    2713.624887    
4345.907407    414.488139    
4530.962264    1154.991055    
4985.222222    2342.152995    
5335.684211    2402.583063    
4055.191489    477.408859    
7144.096154    2992.705222    
5141.100000    1704.131565    
5650.111111    1781.855091    
5549.838235    1438.496362    
5031.719298    1895.388122    
4624.176471    1565.533796    
4724.691176    1340.568528    
4646.937500    919.634487    
5924.080000    2759.711824    
6349.750000    2668.892783    
4288.870370    607.731759    
5560.180000    2513.888094    
6380.757576    3111.187604    
5952.882353    2661.253075    
4885.829268    1829.106471    
5456.695652    2196.411568    
4720.060606    1759.551491    
5749.206349    2448.489876    
5289.439394    1973.340570    
4454.354167    1103.895328    
4699.855072    1353.590869    
5264.932203    1982.888724    
6094.898305    2499.825280    
4031.707317    1349.361823    
5473.745098    2247.158858    
5534.641509    1735.080533    
6742.847826    2763.605073    
5552.850575    2206.134944    
5445.884058    1962.988335    
4322.845070    1353.375266    
4309.493151    893.694719    
5676.102041    2614.761746    
4640.500000    1637.724573    
4391.200000    1658.543063    
5800.614286    2412.453874    
4862.353846    1833.746241    
6763.710526    2320.824569    
5556.127273    2333.947464    
4586.115385    1071.250234    
4835.925373    1209.067104    
5963.482759    1709.075705    
5274.370370    1951.007334    
5900.833333    2434.306672    
4475.288462    848.392583    
5710.740741    1219.388997    
5320.508197    1836.535920    
5057.698413    2098.459266    
4666.192308    1589.451696    
5829.549020    2951.604185    
5723.534884    2095.021667    
5416.702703    1893.341482    
5279.525000    1858.298785    
7308.290909    2615.044631    
4764.040000    1044.036550    
4517.214286    1362.871379    
4979.250000    1998.812845    
5540.481481    1603.002596    
4198.428571    562.504122    
5899.913043    2322.168691    
5233.225806    2507.006050    
6445.564706    1795.825325    
4336.870130    925.199288    
5830.218750    2680.514057    
5080.094340    2143.075504    
4417.272727    1319.244028    
4902.469136    1056.446187    
4213.513158    1033.430408    
5221.844828    1808.450678    
4176.375000    777.766632    
6128.683333    2421.608353    
5898.470588    2411.635385    
3986.365079    392.470697    
5535.153846    2864.333954    
7866.342105    3367.987508    
6816.772727    2930.128370    
5512.828125    1996.079944    
4415.088235    764.886857    
7116.804598    2209.963321    
4481.767442    984.745294    
6116.673469    2343.809400    
4989.977778    1698.685014    
4662.032787    870.874122    
6441.492754    2511.723247    
5645.928571    2182.062097    
6865.367089    2650.255140    
5084.711538    2278.929315    
5736.961538    1709.127172    
4684.326923    1574.686363    
4897.277778    1286.229468    
5181.854167    2124.821443    
5123.102273    1807.531523    
4441.840909    884.819780    
4803.462963    1776.484624    
4968.833333    2140.695620    
4654.712329    1447.013074    
4440.629630    931.780261    
4544.760870    1144.343797    
5737.934426    2438.478294    
5474.362319    1797.273402    
4772.795918    1916.061884    
4425.279412    542.239443    
5083.177419    1667.223542    
6237.542169    1720.635343    
5139.000000    1369.913191    
5352.050000    1994.320999    
3988.081081    523.826378    
6637.604167    2428.457258    
4690.041667    1680.308007    
5727.447368    1729.794119    
5044.537313    1811.984674    
4603.194444    1349.587732    
5174.236842    1500.321692    
4513.236364    982.951344    
4873.206897    1467.802460    
5113.754386    1924.071991    
4152.804878    484.150613    
4768.805195    1832.343422    
4439.931034    756.197631    
4750.011364    1892.558793    
4345.152542    1098.008364    
6081.428571    2205.380173    
4164.541667    1279.813479    
5352.000000    2353.530015    
4648.042553    1756.544795    
4864.246154    1730.378420    
4815.265306    1710.354478    
4806.272727    2090.866810    
7554.538462    2796.081932    
5165.032258    1424.566748    
4549.781250    1796.800876    
4537.618182    1069.399330    
4623.358025    1694.801946    
5965.734375    2258.412677    
4943.929825    1259.730281    
5663.962963    2310.483467    
4446.411765    1562.137772    
6431.600000    2992.875642    
5094.177419    891.404157    
5045.300000    1581.742409    
5160.361446    1403.673679    
5266.653061    1652.859804    
5286.278481    1995.914238    
5469.096154    2019.847360    
5059.978261    1921.293750    
4937.590164    1266.887322    
5157.164179    1519.992072    
6983.100000    3341.808656    
5875.534884    2595.690304    
4601.500000    1247.565070    
5852.000000    2314.670603    
5456.654545    2318.093811    
5976.303030    2795.369477    
5154.787234    1630.731854    
5258.769231    1583.312876    
5427.593220    2030.397649    
6392.200000    3100.823065    
4800.071429    1510.008939    
5991.041667    2320.408665    
5682.916667    2317.674471    
4819.296296    2083.981425    
4617.285714    1112.527422    
5148.250000    2750.665449    
5563.234375    1929.916196    
4820.811321    2031.088416    
4789.974684    1255.519591    
5909.324324    2993.653684    
5993.912281    2500.273861    
5085.755102    811.877530    
4391.037037    1101.157404    
5949.592593    3026.924111    
6182.979592    2345.906756    
4734.550725    1411.923516    
5253.681818    1830.849154    
4425.307692    732.826628    
5019.925926    2070.945211    
4266.632653    422.779853    
4838.823529    1806.470242    
5937.537037    2276.367824    
4739.410714    1525.198673    
5599.722222    2383.062637    
4427.103448    998.099136    
4274.576923    928.825320    
6435.936170    1794.621081    
5377.061538    1891.266241    
6565.250000    2910.486685    
4603.513514    2073.147778    
5761.612245    1284.795748    
4023.478261    467.590481    
5037.292683    1685.394262    
5316.547170    2592.838749    
6674.461538    2629.258176    
4572.880000    1714.840805    
6811.981481    1981.808167    
6061.482143    2257.659819    
5482.220779    1813.167793    
4210.976190    413.328273    
5228.878788    2762.772507    
7217.563380    2949.615691    
5559.675676    1811.493352    
4118.947368    893.042639    
4524.448980    602.002680    
4474.500000    1120.973164    
6192.173077    2650.115351    
5238.302326    2187.937263    
4474.050847    1355.498700    
3729.786667    283.130514    
6936.940000    3205.843567    
5148.185185    1795.245213    
5406.000000    1012.472380    
4077.000000    435.786869    
5331.857143    2384.914699    
6080.800000    1752.794660    
4252.069767    417.170948    
6111.627907    2135.587627    
5235.847059    1551.561798    
5551.718310    1768.898298    
6001.266667    2646.646242    
6674.377049    2606.627248    
5415.750000    1856.356504    
5190.722222    1135.204035    
6679.611940    2553.401045    
4992.510204    2346.753990    
5908.594937    1624.511662    
6381.400000    2054.709413    
4653.714286    1613.460563    
4885.560976    1348.810534    
4538.836066    1070.664482    
4959.215385    1858.067122    
6415.385965    2245.079249    
5406.475000    1794.614715    
4081.560000    525.182032    
4611.606061    1118.069547    
4491.894737    1089.614928    
6521.160000    2506.524489    
4541.056338    1273.618333    
7416.205882    2964.458603    
5294.545455    2035.624736    
5385.113636    2275.524477    
4685.853659    1426.275878    
5258.040000    2656.913028    
3949.733333    724.234581    
5444.818182    2578.695717    
5027.181818    2116.511416    
4358.901408    780.147768    
4289.297619    807.790708    
5679.270833    2489.485462    
5309.597222    2161.925734    
4739.875000    1132.615274    
5334.549296    1866.043716    
5105.727273    2047.698416    
5905.774648    2357.153991    
5956.214286    2951.674517    
3949.783784    648.733908    
5616.312500    1857.549021    
5634.459459    1578.665286    
5490.895522    1727.528250    
4040.066667    421.538315    
4518.916667    783.523470    
5744.130435    2082.472262    
5750.964286    2583.701235    
5467.557692    2493.253624    
4952.851351    1623.857891    
5084.460000    1836.383807    
5893.608696    2469.699423    
4952.676056    1259.046417    
5472.142857    2471.924646    
5385.305556    1630.921464    
4569.274725    898.636086    
5518.155172    1877.342737    
5806.105263    2116.743002    
5682.054054    2400.140434    
5636.070175    2015.743151    
5906.666667    2350.926005    
4406.115942    687.631822    
5433.900000    2136.119784    
5512.812500    1310.423141    
6014.361111    2570.962262    
6282.237288    2624.437692    
4332.879310    788.107315    
5276.547170    2310.116223    
6136.730769    2717.745263    
5808.914286    1873.530599    
6212.055556    2343.961176    
5572.390244    2301.696256    
4831.542857    1633.792509    
5235.028571    2233.310291    
4422.979167    1443.809219    
6482.717949    3237.363702    
5938.043956    2024.552328    
4542.275862    1218.302476    
5539.867925    2548.516076    
4669.641509    1875.804191    
5476.816901    2064.789273    
5897.396226    2475.472528    
5448.271605    1301.058135    
4727.595745    1925.698797    
5178.959184    1994.234383    
4210.012195    714.073517    
5009.065789    1556.651098    
6180.117647    2691.375613    
6795.480769    2920.270453    
4911.475410    1406.851614    
5004.524590    2016.059739    
4164.492754    395.943621    
6018.954545    2781.177342    
4820.152778    1525.043621    
4594.589286    1588.405757    
4303.280000    1326.672259    
5283.466667    1395.874678    
5899.571429    2669.022071    
4329.265306    1065.171746    
5907.682540    2075.811831    
5577.622951    1380.217127    
5192.676471    1985.800916    
5530.647887    1735.147598    
5737.533333    2714.754596    
4580.588235    1195.303640    
5082.770492    1206.014550    
5379.967742    2251.416994    
5145.655172    2103.684490    
4862.928571    2208.390185    
6143.600000    2154.542675    
4345.063830    686.136529    
6744.892308    3129.312533    
5936.333333    2507.669061    
5126.636364    2112.020142    
5590.107692    1599.475858    
5879.938462    1714.129363    
5242.944444    1551.816969    
5882.655738    2544.492232    
6258.258621    2823.814762    
6869.738462    2782.132830    
4339.551020    1491.115444    
5325.163636    2802.743550    
4547.123457    1340.427391    
4473.310811    826.053266    
5134.068182    2132.707620    
5237.000000    1675.592665    
5100.166667    2239.743543    
6449.500000    2849.232005    
4991.130435    2242.263866    
4581.421053    1393.293926    
5498.055556    2382.270909    
4553.038462    1083.166440    
4121.070175    1053.379538    
4970.432432    2125.874568    
4603.577778    1601.642983    
4397.735849    1692.190454    
4581.566667    1653.344039    
5655.833333    2243.545217    
4473.836364    741.862221    
4208.214286    1247.556250    
4777.558442    1424.732561    
5734.441176    1322.640211    
4875.066667    1901.336380    
5259.300000    2287.613720    
6240.157143    1698.545509    
5616.952381    2469.561605    
5298.211538    2107.474093    
6077.510204    1906.016180    
6824.551282    2594.589843    
4874.945946    1240.468873    
4231.849057    562.110121    
5867.888889    1913.284671    
4600.847826    1685.702163    
5983.673469    2015.627510    
4593.733333    1422.347331    
4738.327586    1134.644413    
6209.306122    3081.687255    
4927.015873    1672.769175    
5633.320988    2314.170058    
5326.107143    1997.354578    
4341.506173    665.283827    
4527.554217    710.248255    
5913.371429    2188.966267    
5542.558140    2536.729696    
6682.901639    2303.970427    
5998.351852    2384.929366    
6049.662162    1894.322779    
5835.836364    2383.321111    
5087.204545    1404.994218    
4789.102564    1319.284670    
5982.000000    1939.245394    
4535.500000    1560.482710    
4947.113208    1891.424038    
6136.236842    2701.567434    
6734.836364    3006.523427    
5679.451613    3047.832819    
5434.866667    2443.427889    
5359.716667    2296.083695    
5400.093023    1445.290118    
4582.555556    958.738381    
4653.023256    1126.263239    
4887.647059    1396.323700    
4910.938776    2085.536719    
4491.064516    1605.344219    
4165.861111    373.415627    
4991.632353    1713.419808    
4727.423729    1053.066953    
5540.394737    2702.102997    
5569.050633    2142.078288    
5455.968750    2117.223558    
4871.161290    1486.786676    
5197.409091    1715.617240    
4897.081081    1929.114618    
5808.779661    2302.943092    
4991.036364    1812.150816    
4627.428571    1879.072025    
5760.641026    2832.292045    
5267.861111    2477.156010    
4525.256410    1251.240804    
4568.327586    1238.038861    
5629.090909    2329.070674    
5507.795918    2506.553093    
4929.232143    2043.468183    
4472.153846    2159.180264    
4268.838710    1308.735787    
4602.397436    1151.856421    
5862.814815    2465.705234    
5956.722222    2496.461224    
5821.357143    2088.833966    
7104.126761    2353.045805    
4738.185714    1216.991880    
4173.166667    1158.587048    
5361.425532    2199.462088    
4790.026316    1506.662441    
6271.958333    2375.556943    
4568.347826    1670.481162    
6561.571429    2649.635850    
4125.944444    1540.632283    
3815.531915    530.487165    
5701.135135    2953.051991    
4869.026316    1697.750609    
6480.044776    2300.570600    
6434.560000    2948.408828    
5516.058824    2002.408499    
4456.084746    1081.881777    
5277.542373    1245.482268    
4796.333333    1634.090345    
4550.085714    2025.845437    
7350.590909    2343.446746    
4882.847458    1309.863375    
6230.650000    2662.064430    
6004.686047    2228.697488    
4384.315789    789.945105    
4753.358209    1881.397422    
7408.838235    2928.897166    
4633.234375    1552.687396    
6027.595745    3267.859594    
5138.186047    2024.904813    
5293.575000    2165.029848    
5473.260274    2013.663675    
5498.017544    2510.100931    
5966.703704    2822.258943    
5981.676471    3171.239577    
4940.903226    1781.203568    
5427.607843    2428.343453    
4005.485714    232.087468    
5242.189189    1581.131212    
5359.867470    1369.667128    
5693.780488    2051.717734    
5540.122449    1841.819272    
5924.566038    2172.089677    
5527.938462    1686.301514    
5710.147059    2287.074745    
4714.297297    748.604047    
5370.750000    1732.661840    
4694.075472    1901.392279    
4767.763889    1579.037915    
4876.404255    1960.912051    
4489.700000    1114.121326    
4241.066667    572.535293    
4350.863636    1005.453672    
3971.958333    1089.049719    
5907.348837    2166.340263    
4950.161290    1618.138239    
5132.367647    1331.706445    
5089.581818    1689.818707    
6275.000000    2270.315245    
4388.518519    1358.182647    
6163.851064    1770.503847    
4436.540541    946.816504    
4551.921053    1345.463418    
5098.762500    1116.866680    
4726.033333    1793.566521    
5054.512195    1293.292492    
5416.833333    2450.110935    
4005.310345    343.080980    
4560.617021    1292.793850    
6007.133333    2185.628693    
4721.100000    1551.694307    
4489.150000    761.615177    
4163.766667    273.304187    
5454.342105    1935.221710    
5321.533333    2496.717904    
4939.338462    1370.260832    
4914.461538    2708.814007    
4845.687500    1721.398186    
6107.135593    2970.303851    
6572.764706    3050.522338    
4147.935484    602.068849    
5751.510638    2391.660252    
5246.169811    2602.302962    
4599.620000    970.296427    
5443.458824    1745.270959    
5184.606061    1735.860296    
4506.288136    641.074814    
5297.157895    1364.593221    
4953.023810    1325.877346    
5602.750000    2258.603197    
6134.412698    2568.723985    
4438.666667    989.360046    
6351.876712    2131.671946    
4716.080645    918.126060    
4352.016129    1206.571181    
6569.130435    2076.210664    
5776.529412    2174.767162    
4718.914894    1816.856788    
4702.575342    951.744151    
4864.717949    847.830457    
4856.127273    1387.046425    
5355.425532    2300.984107    
5524.614035    2668.215961    
4518.660714    1513.972580    
6522.077922    2625.577308    
5504.534483    2447.465362    
5336.041667    1886.793609    
5548.071429    2419.976863    
5705.720000    1903.335455    
4630.422222    1909.403473    
5462.375000    2089.989410    
5059.738095    2130.585143    
4608.386364    1176.047564    
5313.018519    1690.937538    
4398.875000    970.539898    
4484.442623    1767.115595    
4624.279070    1223.394911    
4906.450000    1254.767109    
6024.629630    2195.789897    
6284.385965    2594.077430    
4394.955556    1572.458301    
6105.745098    2281.784062    
6457.405405    2104.757365    
4569.607143    1017.536972    
6117.191489    2270.616625    
5667.323077    1724.918478    
5622.147059    1619.687717    
5956.716667    2500.224811    
4720.056338    1341.965385    
4515.926829    1154.650246    
4544.237288    1360.907341    
4239.533333    721.479117    
5567.542857    2457.169444    
5192.306122    2068.997807    
4537.986111    1918.761554    
5541.873016    1309.422670    
6235.734694    2509.766863    
5913.476190    1752.361399    
4774.685185    1493.629507    
4777.046512    2228.702448    
4297.625000    386.097960    
5422.576271    1738.973204    
4372.260870    734.422649    
4585.829787    1112.917258    
4420.968750    1098.699046    
6506.583333    3205.491368    
4593.611111    1822.974116    
5854.020408    2399.136235    
5545.785714    1639.733973    
4882.754717    1533.756874    
5198.813953    2171.187171    
4655.239437    1002.061305    
5205.394366    1578.226661    
5696.750000    1817.042222    
4714.736842    1303.057976    
4173.833333    486.765218    
4451.020833    1591.851065    
5100.270270    2326.189201    
4723.818182    2003.357682    
4369.050847    672.451307    
5071.571429    1981.932221    
4824.959184    1938.633792    
5826.979167    1611.503161    
4594.070175    1350.908503    
4504.553191    1322.729268    
4281.419753    617.393903    
6210.975610    2588.505808    
4776.983051    937.477150    
5622.200000    2171.190793    
5714.796610    2171.564645    
