8982.479167    2091.800336    
7589.011364    1683.842261    
7187.645833    1209.122038    
7968.642857    1871.121574    
9136.783505    2172.828814    
8059.209677    1962.074833    
8635.923077    1983.688023    
8122.549296    2049.751842    
8256.928571    1608.708664    
8700.988889    1994.093871    
8560.980198    1641.206318    
8032.446429    1534.446241    
8186.736111    1604.445950    
8820.109890    1672.489921    
8197.898876    1661.278221    
8520.362500    1774.685199    
8442.650000    1583.459771    
8017.975000    2090.070064    
8805.539683    2259.074757    
9174.282353    1818.433512    
8132.316832    1548.281033    
7708.378049    1638.720475    
8312.730000    1642.609764    
7680.552941    1718.305927    
9224.070175    1871.353412    
9146.714286    2062.077895    
8618.229885    1680.099496    
7419.861702    1047.437243    
8939.752688    1669.766442    
8623.406250    2053.540589    
7508.474227    1186.703127    
6858.490385    1208.554946    
8499.554348    1487.339486    
9818.229508    1620.735103    
7643.222222    1207.558623    
8383.200000    1710.708875    
7785.765957    1462.588171    
8420.811765    2185.707087    
7864.543689    1525.367444    
9018.012500    1958.061174    
8196.136364    1875.600662    
8390.317647    1846.658949    
8221.689655    1226.780173    
7802.898734    1833.062434    
7952.741176    1825.179418    
7517.446809    806.619893    
9286.658228    2024.617719    
8535.637255    1687.023994    
8642.702703    2186.273917    
9562.509804    1800.771320    
8220.369048    1973.520560    
8149.717391    1543.547561    
8894.666667    1893.630466    
7547.709677    1507.474136    
8908.568966    1760.091829    
7442.307692    1800.302288    
7477.242857    1463.154922    
8301.523810    1830.828239    
8816.342857    2062.852795    
8041.483146    1342.690106    
9032.195122    2247.328118    
7507.256757    989.728943    
8098.514286    1468.734701    
8038.531250    1743.752963    
8367.368932    1834.540343    
8083.707692    1894.478737    
7592.141176    1724.394353    
8163.473684    1517.481253    
8795.642857    1921.508229    
9680.915789    1774.278550    
7823.559322    1890.586989    
8182.750000    1550.117726    
8489.815385    1592.993813    
8020.300000    1746.036360    
8060.426667    1670.264603    
7641.736842    1862.193234    
8582.046875    1743.788149    
8046.288462    1269.407400    
7366.094118    1354.315044    
7265.545455    1339.852645    
7306.071429    1319.951604    
8526.852273    2151.453132    
7751.920354    1357.880761    
8630.068493    1653.576923    
8772.350515    2023.485811    
7160.660714    1130.746992    
8113.058824    2041.321166    
8462.116279    2061.509982    
7967.120000    1813.884474    
9105.612903    2056.075673    
8635.500000    1906.849405    
8329.320513    1843.306404    
8863.479167    1942.478067    
8064.715686    1835.701182    
7868.197802    1550.974654    
7725.696429    1368.073305    
8446.092105    2006.094957    
7237.823529    2098.109950    
8177.455446    1665.438577    
7896.786667    1842.553810    
8500.083333    1795.826206    
8420.250000    1559.844473    
8403.894118    2008.583657    
7632.646018    1655.515688    
7497.819672    1206.851431    
7964.035714    1720.584282    
7720.757576    1630.547569    
8639.621212    1754.500704    
7834.328767    1487.090937    
7399.947368    1249.627522    
8143.926606    1767.569376    
9091.117647    1726.388269    
8118.177966    1751.576847    
8610.324675    2086.231515    
8753.509434    1876.616467    
8289.060976    2037.844182    
9009.059701    1956.948347    
7054.990476    961.086473    
7834.500000    1035.140263    
8686.000000    1949.713730    
7985.882353    1841.381044    
7980.762887    1883.535329    
7649.938462    1785.527734    
7398.800000    1077.975526    
7247.745098    1510.616389    
8565.630631    1851.869155    
8742.454545    1745.990148    
7711.212121    1704.405579    
7404.092593    1383.589926    
8254.423913    1780.626229    
8046.764706    1600.017372    
8299.602941    1628.573502    
8704.916667    1580.706775    
7605.775000    1284.034004    
7679.213115    1321.528575    
8487.567568    2047.002958    
8148.773585    1231.855222    
8653.980583    1822.778717    
8852.470588    1629.273650    
8622.804878    1612.829459    
8540.686567    1664.726020    
8587.045455    1318.876225    
9160.230769    1704.496987    
8114.974026    1620.637328    
8038.898305    1936.623855    
7413.783133    1137.098718    
8137.569620    1784.489124    
7758.180723    1644.459769    
8889.642857    1825.876408    
8603.833333    1997.164061    
7471.589744    1801.852348    
9269.455696    2039.064236    
7686.684932    1410.034206    
7533.445652    1369.812327    
8738.930233    1783.905767    
9031.210526    2218.219622    
8961.380952    1965.091364    
8340.468085    1870.422854    
8710.885057    2004.991137    
7909.428571    1383.414025    
7389.516129    1435.013563    
7975.300000    2015.297890    
7810.194690    1204.461065    
8259.783505    1788.189894    
8646.178295    1851.843454    
8010.172840    1860.362860    
8203.500000    1736.390847    
8649.712329    1918.652184    
8858.109091    2010.883860    
8678.377049    2252.866074    
8286.041667    1567.549206    
8222.926316    1300.039524    
9221.819444    2027.729226    
7779.796875    1566.337240    
8784.150000    1884.140138    
8332.782178    1465.901788    
8497.219512    1655.177963    
8324.676768    1720.699410    
8347.140000    1539.442113    
6908.000000    798.180877    
8630.181818    1821.169246    
9142.398058    1896.651369    
8228.405797    1718.017903    
7626.038462    2006.196040    
8639.208333    1960.868338    
7859.038961    1985.455912    
7482.784000    1153.867074    
8055.626866    1496.467650    
7368.829545    1318.667468    
7495.281690    1587.343145    
8776.592233    2162.037880    
8080.204301    1467.224925    
7679.150943    1376.956247    
7711.793814    1606.545926    
7671.030303    1660.180010    
7093.110169    710.814307    
7351.504854    1565.087478    
8523.774510    2025.479197    
8089.890110    1590.935238    
8730.439560    1745.100723    
7676.722892    1870.186128    
8229.725275    1293.859879    
8503.640625    1884.923211    
7858.449275    2066.908449    
7494.887097    1711.176158    
8988.515464    2032.774931    
8908.929825    2068.103172    
9131.172043    1825.313074    
8545.222222    1852.872120    
7031.871795    1142.284119    
10134.450980    1611.331788    
8082.991379    1200.184695    
8115.527778    1511.157990    
8915.522222    1814.192537    
8142.317647    1605.238697    
8377.921348    1579.576556    
8077.011236    1487.716329    
7921.283582    1938.969366    
7200.454545    1273.260313    
7714.000000    1612.246205    
7715.934211    2105.958110    
8637.412281    1652.236686    
9617.272727    1761.832373    
8836.255102    1918.636890    
8651.526316    1576.317289    
8895.645570    2168.326188    
8324.450000    1784.222792    
7485.750000    1172.873203    
7647.155556    1866.839646    
8344.891089    1900.808993    
9281.413793    1943.440228    
8691.565657    2021.088267    
9050.318841    2139.453489    
8887.426471    1709.747955    
7599.901408    1551.616042    
8843.213333    1986.583253    
9411.608247    1787.965789    
8145.747475    1499.639306    
8375.565789    1613.521772    
7226.437500    1336.769893    
9642.867347    1758.303244    
9225.921875    1986.941095    
8873.714286    1775.210996    
7506.662651    1455.513037    
7943.000000    1647.437440    
7585.800000    1457.518239    
7494.633028    1719.569728    
7274.397849    1081.698675    
8237.666667    1688.825142    
8205.786667    1737.012042    
7694.028986    1630.153794    
9022.465517    2285.734532    
8504.504202    1428.943653    
8208.800000    1838.752914    
8738.313725    1991.306936    
7746.442857    1994.568150    
8167.894737    1837.247015    
7933.760563    1631.804078    
7154.960526    1328.156007    
8708.032787    1821.084387    
8655.723577    1263.703901    
7485.247788    1123.101470    
8480.506024    1587.942591    
7138.910569    934.395957    
7692.771930    1339.663548    
8074.114754    1388.967645    
8247.518519    1679.150352    
8394.888889    1509.578119    
8750.595745    1885.075919    
9009.742424    2077.373096    
9657.048780    1944.401864    
7675.780822    1573.888277    
7593.666667    1940.703738    
8399.348214    1520.884345    
7758.132653    1268.371957    
8649.168831    1894.164308    
8162.584416    1837.331622    
9412.911392    1980.364985    
8229.382979    1792.816565    
8448.859375    1885.103726    
9595.292135    2081.392486    
8261.844156    1965.398549    
8171.678161    1833.211606    
7901.640449    1553.950799    
6770.060606    1461.374424    
8523.934211    1850.415013    
7511.000000    1400.085588    
8817.715686    1422.896972    
7234.806818    1179.590683    
8006.954128    1460.560596    
8600.521127    1972.275106    
7869.525862    1446.651880    
7266.462366    1321.655654    
8146.121212    1715.636680    
8417.229167    2041.906842    
8595.481928    1951.715775    
7548.701299    1566.336217    
8649.188235    1663.678706    
8202.380952    1770.146505    
9743.857143    1929.746773    
7397.302752    1357.800836    
8071.524590    1855.988823    
7346.935484    1450.233150    
7749.756757    1766.845653    
7823.606742    1965.896625    
7958.828829    1722.108047    
8457.944444    1859.597950    
7226.623188    1242.614321    
8314.844156    1995.771140    
8536.666667    1764.972902    
8028.752137    1632.061294    
8556.419355    1466.096487    
8858.237288    2083.544920    
8810.184783    1867.541670    
8168.144578    1525.598971    
7395.477273    1377.057692    
8550.533333    1608.126026    
7853.069767    1572.855467    
8173.792793    1542.405102    
8527.580645    1824.804343    
8530.755814    1641.552137    
7327.178571    1562.012752    
8228.062500    1400.524387    
8121.428571    2145.269456    
7800.309524    1974.186421    
7493.355556    1243.545079    
7517.789474    1462.440003    
8581.000000    1445.601759    
7869.670330    1809.181729    
8322.123596    2123.514100    
9222.711864    2009.795479    
7980.916667    1603.467109    
8256.966667    1999.410438    
8642.443038    1732.580257    
8277.547619    1588.575713    
8020.160714    1759.220467    
8725.725275    1936.762065    
7664.219780    1524.946267    
8681.413333    1847.463206    
8693.617978    1807.258651    
9027.431579    1722.191869    
8865.639175    1920.608769    
7478.951613    1426.433862    
9021.345455    1904.779693    
8343.581395    1524.856505    
8911.271739    1678.183704    
9215.402778    1781.977691    
8236.959184    1901.585605    
7363.048077    1594.546104    
7259.505263    1116.205111    
9099.200000    2013.947507    
7697.300000    1724.858581    
8682.099010    1710.959973    
8755.212500    1651.463402    
7943.400000    1959.538775    
7477.757895    1217.844349    
8247.372881    1547.041232    
8653.411765    1914.695677    
7813.980392    1964.098281    
8986.873684    2120.287623    
7759.244444    1790.591909    
7577.307692    1537.542294    
8071.529412    1484.953104    
7512.813187    1304.690860    
8427.191176    1898.952399    
7213.633803    1389.578082    
8286.000000    1744.873330    
7454.283951    1257.420515    
8365.413793    1626.474783    
7719.569444    1809.272704    
7783.731343    1561.326919    
7681.858824    1467.018570    
7612.230769    1619.190458    
7978.950617    1959.013312    
7311.478261    933.543795    
8218.363636    1513.261549    
9716.424242    2107.297667    
7412.372881    1634.482304    
8164.780952    1974.558685    
8494.731959    2049.950417    
8646.081395    1556.800836    
8923.779221    1918.457854    
9095.092105    2021.649419    
7555.308642    1403.970249    
7943.040816    881.207021    
7322.323077    1491.268620    
8668.189873    2031.151485    
8079.706667    1666.746962    
8085.427184    1469.008592    
7669.258333    1267.917758    
8587.950000    2225.404446    
8734.820513    1945.100853    
8926.219178    1956.142340    
7842.147368    1725.276539    
7622.413793    1999.066645    
10206.769231    1540.906428    
9676.126437    1964.503065    
7955.954545    1534.383448    
7865.679612    1793.664591    
8651.701493    2017.969269    
8449.324324    1930.788077    
8174.679612    1592.999907    
7499.154762    1990.689863    
7440.917647    1315.819934    
8396.327586    1803.886641    
7635.833333    1605.529485    
9102.720000    2142.586185    
7424.842857    1415.510828    
8739.724638    1773.600088    
8251.129032    2042.719604    
7810.000000    1677.411933    
7772.104651    1245.331487    
8133.605505    1214.984004    
7914.852632    1617.369254    
8152.802326    1671.646562    
8135.653061    1844.686313    
8213.709302    1660.317460    
7541.861538    1649.542807    
7747.283019    1613.064099    
6995.571429    1800.016616    
8817.060241    1847.796978    
7498.742268    1606.501984    
8678.628866    1799.595174    
7937.872340    1632.888403    
8316.808219    2014.197040    
9099.056818    1788.608984    
7951.471429    1841.498572    
8719.876033    1671.252357    
8203.750000    1626.341892    
7523.820225    1473.755331    
8327.014286    1823.364900    
8348.585106    1892.468238    
8250.085714    1586.924934    
7498.537037    1786.183825    
7760.707547    1743.756090    
7925.868687    1558.956247    
9081.750000    2238.289856    
7892.766234    1473.077562    
7141.048193    1409.912070    
9447.569767    1730.707494    
7743.012987    1435.356976    
7521.278351    1226.601278    
9251.461538    1987.259675    
7517.302326    1683.255560    
7945.564103    1739.619112    
9490.915094    1889.829573    
7737.306818    1483.512925    
7257.220000    1538.655235    
8108.578313    1536.553836    
8078.401961    1662.479911    
8078.158537    1796.671119    
7232.455446    1229.451335    
9277.109589    2091.228862    
8316.141593    1816.612996    
8511.357143    2502.261773    
8370.882979    1893.137247    
7664.756522    1494.631038    
7429.663462    1289.034184    
7292.416667    1289.334322    
8835.185185    1452.152254    
8869.078652    1823.050304    
7834.588235    1494.653585    
8094.818182    1990.603573    
8357.739583    1798.167813    
7932.526316    1558.721020    
7703.839080    1819.028551    
8340.478873    1675.413650    
7489.116667    1240.898600    
8192.480000    1820.142605    
8903.564706    1986.895524    
8204.444444    1582.906436    
6835.303030    667.140891    
7383.816092    1503.182582    
7335.460674    1356.857101    
7914.232143    1672.466581    
7610.297030    1486.197251    
7863.521739    1819.439439    
8448.162162    2184.762083    
8094.240741    1429.855282    
7446.102041    1483.487112    
8906.918033    2004.739510    
8526.024096    2147.913838    
8909.714286    1653.658258    
9450.253333    1957.766170    
8485.407080    1649.672162    
8536.428571    1979.006682    
8511.712329    2161.092789    
8412.000000    2076.025380    
9104.976744    1773.263074    
8825.388350    1863.066666    
8983.702703    1842.441313    
7868.576923    1933.141375    
7589.966292    1749.085607    
7795.835821    1886.453750    
8592.353846    2005.682331    
7664.009615    1616.354751    
8624.969697    1767.781258    
7961.265306    1633.791450    
8639.631579    1830.236810    
8560.014925    1815.881740    
7392.666667    1456.124228    
7814.935484    1897.769199    
8806.042857    1879.875280    
8406.191781    2110.503151    
6777.884615    1086.664616    
7625.390000    1609.119473    
8071.177215    2093.796248    
6878.907407    1171.093115    
7854.108108    1519.831228    
8999.593220    2176.614469    
8305.508197    1598.825405    
9127.762500    2008.674851    
9151.879630    1736.096173    
8847.208333    1846.939480    
9153.471154    1881.679804    
8899.771930    1879.498706    
7558.160000    1597.779376    
8664.307692    1607.368388    
8582.626506    2115.963768    
8522.771429    1669.254463    
7890.534091    1396.906452    
8277.230769    1698.568635    
8290.131579    1867.642042    
6729.483516    1028.727309    
8854.811594    2363.503469    
7828.822785    1301.664113    
8214.384615    1990.332415    
7975.093023    1429.953525    
8267.226087    1471.091136    
8208.675676    1605.825645    
8179.000000    1521.498328    
8356.361111    1953.629864    
6819.827957    1330.868272    
9241.116883    1992.404721    
7587.956989    1368.667446    
7026.099010    1244.810396    
8777.060606    1758.187564    
8197.623377    1638.619819    
8281.611111    1537.827558    
8961.116667    1873.108211    
7838.066667    1509.190874    
7750.817308    1502.673584    
8573.397959    1892.825103    
8202.349057    1897.016307    
7411.923077    1164.252159    
8618.859375    2033.809486    
8125.029412    1929.389411    
8598.430556    1689.601998    
7661.049383    1477.378341    
9109.066667    1700.007672    
9312.416667    1917.817522    
7649.566265    2161.678142    
7921.359223    1367.948353    
9128.772727    2179.698476    
7695.381818    2384.788700    
8798.752381    2030.786593    
8166.774648    1555.156848    
9268.720430    2219.108880    
7586.902655    1536.982269    
8605.549451    2180.772508    
7898.350000    1743.628201    
8776.468468    2032.858467    
8661.911111    1892.208079    
8384.258427    1632.105916    
7782.628205    1989.799147    
7332.295082    1419.618309    
8825.286885    1683.157632    
8666.557692    1785.297653    
8350.939024    1872.890914    
8775.689189    1922.162471    
8464.344828    1964.299283    
7129.396226    828.437614    
8064.343284    2011.733718    
8137.443396    1533.847377    
7175.196429    1181.215807    
7467.767857    1382.972930    
8666.596491    1241.819087    
7643.161905    1431.416096    
6879.696429    724.923627    
6969.351351    1140.478331    
8415.839286    1437.903493    
8418.010526    1701.773895    
8396.307018    1667.004573    
8275.557895    1664.830832    
8901.258065    1703.751540    
9150.182609    1898.514452    
7401.434783    1650.036991    
7358.685185    1406.320143    
8358.493506    1572.638313    
7349.026786    1686.878803    
8460.640000    2072.769343    
8371.560748    1881.696894    
7363.254902    1261.669216    
8542.698795    1819.738534    
8464.670103    1452.962177    
7649.388889    1831.542789    
7795.050000    1400.954888    
9092.615385    1810.439876    
8989.430108    1679.265689    
7085.330435    861.953976    
9039.358491    2217.374345    
7985.593023    1582.922256    
6465.486842    1035.460354    
8136.321101    1715.840468    
7657.270000    1244.402554    
8660.400000    2024.225132    
9236.683673    1909.247157    
9160.554217    1567.138350    
7862.950820    1378.765098    
8195.078261    1933.976904    
8431.123457    1704.995372    
7870.714286    1413.242024    
8878.367925    1685.730486    
7712.171429    1295.098021    
7596.553571    1928.279201    
8751.727273    1890.129753    
8901.097222    2035.543506    
7842.067416    2067.879502    
7348.306452    1622.902881    
7933.988506    1596.732644    
7572.877193    1767.199222    
8206.360000    2099.993293    
7837.674157    1653.504156    
7461.240741    1732.284287    
7596.647059    1523.762228    
8355.314815    2190.468433    
7407.521739    1592.540443    
8635.618557    1701.843800    
9035.163043    1810.958167    
8279.991525    1464.727304    
7519.416667    706.867776    
7132.853933    816.675758    
7862.602941    1809.744426    
7675.300000    1399.267473    
7534.759259    1777.858501    
7090.085714    1878.102871    
8412.737374    1890.812180    
8336.738636    1973.274721    
7810.965116    1415.455736    
7441.346667    1482.303590    
8299.128713    1821.432934    
7821.738462    2207.885367    
7855.878788    1863.004038    
7539.155556    1793.645598    
8846.780822    2252.809541    
9114.608696    2056.926314    
9147.941176    1687.931730    
7173.203125    1258.942651    
8546.493827    1933.973305    
8865.000000    1549.453129    
7561.967742    1855.234365    
8642.188119    1896.849680    
8127.835294    1966.652652    
7848.018182    1401.027324    
7859.466667    1884.822590    
9796.108108    1944.988156    
8872.898734    1472.683717    
8424.756757    1782.064221    
8544.812500    1870.914389    
8443.280488    1652.400982    
7598.100000    1446.842568    
7995.971154    1537.419525    
7053.000000    988.593590    
7743.302632    1588.799671    
7950.055556    1876.874524    
8381.325000    1674.504701    
8807.592593    1607.221331    
8642.884615    1971.828086    
7987.063158    1243.972836    
7907.283019    1662.439040    
7308.654206    980.935631    
7346.118280    1648.927555    
7629.030303    1448.755624    
7956.117647    2016.861105    
8063.421053    1638.781984    
7646.115044    1409.760638    
8165.631579    1578.773490    
7449.203125    1525.452445    
8528.494253    1954.515702    
6922.965517    1505.852960    
7958.911111    1734.626746    
8149.957746    1485.091892    
8568.603448    1678.192849    
8994.431034    1952.470443    
8171.719512    1808.614679    
8497.698413    1421.843144    
7387.435185    721.833754    
8420.037736    1582.021551    
7222.561905    1169.975099    
8402.483871    1683.485226    
8082.884615    1173.737113    
7840.407407    1816.590371    
8186.392405    1696.826296    
7525.020408    2010.208640    
8805.522124    1757.115572    
8861.732283    1484.128735    
7513.552239    1625.749364    
8650.315068    2037.873817    
8816.884615    1990.758430    
8576.176471    2043.380933    
7316.741573    1026.146632    
8713.283951    2070.857079    
7791.811321    1103.878438    
8001.303030    1525.027034    
8249.055046    1767.657081    
7308.015625    1480.320948    
8811.681319    1815.452112    
7990.035088    1660.475000    
8256.855422    1652.774244    
7556.206349    1493.840583    
7772.951220    1998.839455    
8183.484848    1564.651705    
7270.833333    1605.811718    
7951.706522    1675.099339    
7843.677966    1931.961868    
8310.162791    1602.905167    
7197.190476    1484.390964    
8868.086957    1703.579682    
8408.436893    2005.525003    
9374.584906    2018.687248    
8425.426471    1683.846562    
7926.608247    1394.582645    
7617.988372    1699.059914    
9002.588235    2075.691032    
7827.209302    1874.128425    
8228.866142    1402.595869    
8192.147368    1561.422705    
7645.771739    1496.841806    
6878.860215    1156.851693    
7533.567010    2164.878249    
7478.260417    964.325004    
7757.000000    1876.532492    
8240.166667    1567.652031    
8807.223881    2206.006014    
7656.638889    1414.025276    
8684.084507    1786.914516    
7230.379310    1259.181519    
7932.887755    1733.870195    
6827.290698    721.057167    
9527.080000    1948.324181    
9240.011905    2093.561891    
8064.876712    1938.561951    
8812.152542    1649.008062    
7097.456140    1412.225481    
8321.975904    1721.312010    
7697.833333    1819.395680    
7758.000000    1792.829457    
8027.063291    1940.593524    
8223.698413    1804.461769    
7569.961538    1188.112513    
8083.865385    1611.996899    
8008.297872    1795.599443    
8252.105263    1961.736097    
8201.851064    1704.525884    
8241.864407    1453.433544    
8177.404255    1831.071534    
9236.358491    1588.605816    
8701.250000    1910.416839    
8275.898876    1841.627425    
7874.397849    1703.940033    
7415.540816    1733.363176    
7895.212500    1742.642288    
9454.759494    1911.706768    
7459.923913    1651.453103    
8062.989130    1831.490801    
7861.313953    1928.096104    
9150.917647    2118.971844    
7822.015385    1819.796569    
8169.483333    2011.422469    
8686.352941    1861.359463    
8199.547945    1848.689555    
7621.440000    1580.919690    
9439.666667    2097.406455    
7471.276596    1418.162217    
7657.952381    1560.744759    
8797.437500    1578.317903    
8906.256637    1750.810512    
7542.790476    1126.718866    
8663.666667    1614.077298    
8042.868687    1711.272872    
7221.567164    1365.961028    
8838.349515    1746.513152    
7911.938272    1724.108976    
7046.515152    981.252883    
7386.327869    1117.959202    
8077.831325    1751.779067    
7786.406250    1856.955672    
8864.250000    1971.859967    
8571.480519    2385.242260    
8076.540541    1700.258932    
8292.032967    2052.377503    
8387.602740    1871.200580    
6910.019048    844.507644    
7930.413333    1578.333316    
9235.358491    1946.176814    
8281.281250    2433.732857    
8522.666667    1901.514552    
7730.878049    1520.830417    
8651.860870    1750.710767    
8924.736111    2002.452337    
7788.362319    1538.074262    
7225.867257    624.229415    
8918.758621    1685.713430    
7530.600000    2038.164708    
8201.000000    2136.413610    
8507.868687    2062.423859    
6987.686567    1345.475039    
7706.102941    1518.467137    
8893.358209    1687.025305    
7344.067308    1080.858707    
7013.508197    629.625848    
8216.371901    1521.591105    
7718.546875    1492.271810    
8319.441667    1698.427576    
8315.916667    2192.175290    
8664.837838    1943.862671    
7395.732394    1320.048644    
7002.985075    1417.547709    
8526.869565    2227.827973    
6696.205128    1158.017862    
8287.679245    1653.232052    
7980.173077    1517.702479    
6847.021505    1223.527098    
7743.863636    1693.707587    
8423.809524    1744.270392    
8089.122807    1452.982777    
6516.268293    1022.092474    
7836.000000    1840.357312    
7310.735632    1241.841138    
8053.720000    1834.461407    
7081.072165    1353.578581    
7626.196078    1699.522528    
7579.565789    1567.471668    
8947.349206    2152.182268    
8359.032258    1730.758957    
7804.128713    2018.144799    
7662.645570    1645.518371    
9182.222222    2017.299635    
7578.093023    1615.417043    
8200.576923    1699.071521    
8113.534884    2002.450869    
7510.828283    1324.799669    
8409.894737    1711.712108    
7796.899160    1606.273747    
8671.120879    1931.111016    
8024.565574    1433.172058    
6776.289474    1263.107715    
7578.465517    1659.904185    
7515.182927    1408.196599    
8046.435294    1717.555016    
7719.747475    1011.474345    
7496.710280    1820.485886    
7231.382353    1103.013084    
8759.494253    1964.565319    
9068.573529    1990.910266    
8814.402597    2162.268730    
8062.202020    1663.370249    
8370.278689    1555.740624    
8330.269663    1840.833322    
7740.476190    1725.873805    
8166.619835    1334.696358    
8134.714286    1935.906337    
7259.391667    1091.854159    
7776.342857    1899.351934    
7929.750000    1946.031258    
7823.456140    1328.244311    
7658.547368    1415.781293    
7585.697917    1332.516112    
8205.629213    1665.761144    
7616.154930    1753.020618    
7975.026549    1360.556988    
7386.583333    954.515668    
7428.614458    1661.636969    
6706.000000    1200.474819    
7698.986842    1399.831047    
7758.180851    1607.316595    
6988.903614    1373.900661    
8989.357143    1891.930787    
8092.155172    1933.935926    
8183.406250    1699.281932    
8720.389474    1729.914110    
8103.888889    1723.890106    
8498.581081    2001.703984    
8225.147059    1911.041149    
7511.368932    1578.855005    
7925.666667    1703.095610    
7721.547619    1761.638593    
8334.888889    1699.619447    
7941.463158    1436.682112    
7657.802198    1719.907762    
8236.000000    1852.998918    
8256.886792    1830.704119    
7117.609756    1744.352307    
7679.391304    1533.903954    
8706.617284    1756.422610    
8004.666667    2005.820759    
8277.052083    1622.766345    
7415.968085    1330.945964    
8153.681159    1637.577050    
7673.796460    1276.415516    
8181.128205    2249.867047    
8319.820000    1839.019181    
7525.569620    1841.240994    
7628.219298    1532.547946    
8224.959459    1827.556754    
8499.837838    2166.235775    
7092.730769    1069.649064    
7817.672414    2246.498973    
7326.720430    1769.139906    
8266.539216    1755.268047    
7359.703297    1399.106901    
8431.793103    1879.012844    
7892.629310    1598.713031    
9127.358025    1983.023233    
7747.818182    1472.735516    
8496.970000    1845.897784    
8106.694444    1666.255563    
7610.159292    1541.267037    
7527.298507    1489.626218    
6778.895833    1010.684189    
6876.171429    1419.370192    
6867.647887    1307.721932    
7436.229508    2015.177146    
8285.875000    1567.749440    
7885.962617    1892.607591    
7626.822785    1492.266001    
9208.813559    2236.754038    
7334.485294    1315.549343    
8507.040404    2070.544709    
8155.057971    2201.113492    
8129.651163    1495.696359    
7852.284314    1539.880447    
7824.155556    1638.126056    
8426.453488    1915.784912    
7949.469388    2025.897887    
7361.654321    1188.223710    
8920.831461    1842.317222    
9306.596774    1932.790832    
7594.881579    1530.256411    
8027.338710    1907.090487    
7543.519608    1052.910138    
7815.578313    1537.818304    
7441.886364    1594.456201    
8286.984615    2033.488125    
8121.928571    1949.212465    
7489.926471    1570.511282    
7367.551282    1794.871095    
7308.894737    1362.682258    
7997.565217    2006.239628    
8909.342857    1946.779450    
9694.187500    1928.635006    
7853.575342    1464.880536    
7901.212389    1367.576795    
7683.564103    1559.796902    
7429.180723    1306.311086    
8782.171717    1805.105543    
8288.244898    1441.675188    
8956.477273    1950.675349    
7154.283784    1727.677276    
8366.635294    1896.599650    
9690.298507    2280.502832    
7774.278846    1312.080237    
7733.125000    1563.632962    
8406.195402    1965.740525    
7933.400000    1972.612130    
8864.163934    1998.324931    
8172.147059    2019.863276    
7029.935185    1267.881890    
8526.114583    1613.825759    
8519.717647    1768.358785    
8192.714286    1349.320474    
7813.625000    1812.811337    
7740.882353    1522.162428    
7865.844828    1584.496807    
6809.044118    958.923392    
7489.378788    1517.818967    
7506.903846    1939.870825    
7495.369565    1418.483657    
7766.301370    1738.150881    
7597.500000    1485.954996    
9082.958333    1710.631925    
7862.956522    1751.972556    
7047.385246    1382.880057    
7427.962963    1124.252236    
7800.542857    1660.501324    
8252.693694    1531.513300    
6759.237500    1201.402953    
8778.645161    2084.269825    
8844.136364    1751.196596    
7363.183673    1147.800357    
8304.340206    1980.260448    
7325.132530    1380.020890    
7513.457831    1238.555039    
8462.312500    2069.685372    
8320.906250    2111.989130    
7755.613636    1920.494577    
7741.866667    1867.720624    
7725.811881    1690.942468    
8942.728571    2019.869910    
8494.924528    2023.659583    
8495.592593    1840.221172    
7152.500000    1025.394879    
7289.793103    1899.725268    
7930.404255    1626.193299    
9514.598131    1748.977340    
7459.440476    1311.758901    
7404.333333    1533.614244    
7753.712500    1739.864069    
8703.651515    1936.820321    
6431.250000    1210.025050    
8148.495413    1760.622818    
6764.554054    896.141068    
7478.905405    1501.170500    
7673.400000    1929.469969    
7197.109890    1061.132605    
7386.770270    2097.802928    
7056.817308    1387.581867    
