11579.954128    1000.487215    
11674.552846    942.141180    
12121.617021    724.478787    
12436.250000    474.828236    
11173.153846    1206.448954    
11511.921569    1013.771058    
11425.538462    1286.494568    
11404.442308    1078.166070    
11902.483871    708.064188    
11901.315217    898.375937    
11053.350515    1226.299257    
10882.521073    1237.324761    
12127.853659    661.913710    
11313.322368    1476.368445    
11014.042781    1095.746579    
11833.052288    754.886528    
12015.500000    758.145729    
11584.642105    1400.794112    
11408.317757    1008.915709    
10908.398438    1162.242245    
11230.360000    1133.973992    
11527.609023    855.804505    
11565.069767    1028.235922    
11502.732673    872.598224    
11317.196429    997.186824    
11667.408163    699.608751    
11610.857143    932.676057    
11527.549020    974.508369    
11943.074074    766.029333    
11286.746479    1138.748902    
11978.418919    910.686347    
10499.543689    1393.201146    
11415.608696    1157.448811    
11411.785185    1080.109009    
10614.542986    1337.499725    
11727.205128    922.381149    
11514.782609    1042.361594    
11273.384615    1294.171667    
11583.400000    775.523024    
11419.426230    1390.242855    
11565.129870    930.142348    
10637.685535    1273.185285    
11375.370968    1417.686783    
12142.232143    660.847237    
10853.747706    1261.813183    
11460.860656    853.099376    
11098.870968    1073.706746    
11333.475000    1184.866254    
11861.256098    781.817033    
11648.702532    992.528133    
11866.589744    854.997637    
11119.197183    1236.346203    
11402.777778    919.129563    
10533.807487    1338.527623    
11331.602041    1003.507479    
11706.000000    861.829472    
11382.120000    1017.650517    
11531.673913    1088.453671    
11126.533333    973.446152    
11055.837037    1171.748103    
11780.463576    932.863808    
11996.305263    721.887104    
11443.523810    1018.660690    
11917.670968    799.783520    
11245.356164    1519.243678    
11106.196721    1254.800426    
11332.709459    1281.598576    
11376.440945    1061.079562    
11583.015625    1103.930888    
11293.725806    1087.056979    
11488.108108    1082.158080    
11638.008929    1111.743439    
11634.311927    925.042431    
11617.944000    894.053218    
12120.142857    606.748813    
11654.592308    883.311625    
11438.366337    1075.936762    
11296.333333    1358.555463    
11529.415584    1152.975150    
11333.680556    1093.619733    
11811.127168    858.944961    
11231.754098    1250.055109    
10937.266272    1407.137383    
11555.216216    1196.634367    
11728.441379    887.822698    
11283.569767    1286.463989    
10580.609091    1381.337199    
11666.932203    1156.047091    
12329.212121    542.458196    
11648.196429    982.607208    
11817.301887    1022.555282    
11804.478261    729.053130    
11104.458333    1282.801791    
11307.805556    1067.253235    
11928.024390    776.881586    
10553.217687    1620.360082    
11911.393939    981.052031    
10966.248000    1447.878507    
11706.520270    929.728684    
11351.010753    1204.626275    
11244.740741    1233.555478    
11929.046512    774.347150    
11334.720588    987.252617    
11728.553191    1065.709769    
10120.534759    1667.582141    
10583.740000    1334.383655    
11473.641026    1227.602499    
11574.650000    1094.096641    
11389.137500    1220.314101    
11131.741935    1388.675727    
11553.333333    906.296187    
10329.195035    1682.324698    
11221.327434    1401.397706    
11307.000000    1065.355805    
11344.065789    1155.376463    
11785.714286    978.744609    
11393.741667    904.987854    
11570.050000    968.774960    
11149.840580    1381.048416    
11852.918033    838.469826    
11195.167939    1049.815601    
10909.961538    1524.454588    
11120.435028    1209.843267    
11553.449735    1047.021714    
11176.410256    980.809400    
12129.475000    661.569346    
11658.714286    876.152170    
11630.765432    1227.570563    
12254.730769    558.964465    
11464.459184    1118.283343    
10990.604396    1473.197173    
11797.537313    1235.569182    
11594.536000    998.172719    
11426.576923    1051.262709    
11171.556291    1230.262394    
11137.342105    1051.511186    
11375.251429    1063.754663    
11678.736842    988.532583    
11586.663158    1146.162968    
11168.308271    1245.571851    
11322.781022    1257.223384    
11100.243421    1095.079419    
11134.973684    1294.431606    
11325.077348    1104.481431    
11782.250000    815.055654    
11176.280851    1245.460085    
11142.718085    1297.160651    
10926.333333    1319.414336    
11412.041667    1224.381825    
11629.153846    974.773674    
11298.377193    1151.461652    
11398.029412    1430.583204    
11002.711538    1340.590833    
11558.870748    1101.757762    
11716.250000    921.178453    
11865.340278    789.097517    
11708.879747    876.719499    
11189.246835    1059.755409    
11588.413793    1126.273127    
11383.865546    1101.124306    
11598.671642    912.419702    
11855.472222    1108.063964    
10461.556911    1417.771541    
11040.385475    1313.234002    
11019.786585    1366.561560    
11235.798817    1057.610736    
11078.940299    1022.450698    
10952.551724    1122.490586    
11755.555556    732.062059    
11607.105485    979.795846    
11202.562914    1273.049463    
11570.446154    815.359412    
10669.620690    1441.380163    
11231.782123    969.939659    
11689.470588    1325.793638    
11542.052980    1011.043241    
11405.434211    994.490167    
11213.868056    1204.612912    
11537.277311    1011.148352    
11697.714286    899.781702    
11233.960784    1378.790141    
11654.205882    843.261221    
10550.781421    1564.692004    
10990.630769    1492.160943    
11170.685039    1221.623598    
11170.583333    1031.565895    
11802.061538    763.003697    
10995.270270    1027.357740    
11395.806630    932.248171    
11603.707547    884.312546    
10989.319444    1045.717103    
11323.203593    912.947858    
11600.107438    842.739912    
11643.456790    1108.023477    
11252.910959    1107.125074    
11356.995516    1024.502537    
11344.809045    1085.278782    
11644.769231    805.709597    
11142.422018    1423.106540    
11662.228261    879.400402    
11470.557522    1008.104161    
11105.692857    1033.074654    
11491.359281    1091.809892    
11045.566667    988.670101    
11567.732558    883.902636    
11312.995283    1056.685890    
11043.851852    1341.686736    
10719.388430    1599.598092    
11511.045685    940.109316    
11077.100671    1084.193213    
11195.927835    1224.652829    
11675.510417    917.118574    
11455.703947    982.446663    
11393.130435    910.443397    
11301.340426    1058.694228    
11271.138686    1106.132271    
10573.022436    1160.256179    
11483.483051    985.306429    
11255.696203    1037.004411    
11113.165899    1193.257286    
11628.015385    1088.597722    
10884.067416    1438.433471    
11429.402299    1037.813855    
11697.079365    795.752360    
11573.806818    886.484962    
11261.628866    1072.663342    
11023.956140    1180.141609    
10981.558442    1100.705694    
10896.035533    1148.274797    
11921.656863    688.836779    
11375.491429    1162.620989    
11789.210938    815.166544    
11480.726257    838.689073    
11341.329787    1095.992413    
11345.073529    1195.456226    
11397.947368    973.911665    
10995.234783    1220.798259    
11171.716216    1158.842911    
11245.057377    1268.995803    
11467.681529    886.548471    
11308.512987    1101.070643    
11077.244094    1030.516618    
11197.105556    1048.519742    
11249.581395    1062.753814    
11838.652632    889.684507    
12097.058824    631.639523    
11988.448980    729.288025    
11734.087719    929.373151    
11294.990826    993.121208    
11331.906977    1375.196296    
11493.480769    973.097829    
10992.857923    1373.713841    
11554.929293    911.712356    
11782.198020    831.421234    
11557.520710    1155.357959    
10484.003817    1250.299358    
11462.522936    841.747806    
11336.733333    936.592639    
11201.478102    1036.441431    
10939.034884    1104.070595    
10978.988372    1242.411192    
11891.405941    758.148503    
11126.201835    1231.194011    
11640.992366    947.563847    
11619.074380    916.848773    
11217.139706    1410.060028    
11690.142857    940.275496    
11499.425000    994.058170    
10401.135135    1574.672934    
12026.917526    822.746916    
11362.822581    1051.746052    
10759.442623    1173.399291    
11626.248276    855.132396    
11233.094891    1258.341249    
11501.286765    1005.782267    
11249.100629    1191.163599    
10859.919149    1031.973419    
11955.941860    693.043060    
11353.829545    1167.387869    
10727.513158    1314.913700    
11033.598765    1086.448850    
10971.025907    1210.956482    
11443.671053    1021.200125    
11536.569444    1071.145854    
11114.523529    1219.830688    
11674.353982    995.911287    
11458.871287    966.657174    
11034.670807    1262.045519    
11717.153846    823.008971    
11260.327957    992.908817    
11752.171123    946.042425    
11484.564706    956.313122    
11175.880952    1287.840062    
10802.629213    1141.582052    
10692.770588    1293.050902    
11742.900709    992.665073    
11918.455882    872.516281    
10478.035503    1490.367454    
11145.730994    1136.921810    
11202.553191    1062.945649    
11362.901515    1245.222202    
11686.537500    891.315235    
11779.247059    746.912703    
11069.724771    1127.959613    
11524.076271    895.158372    
11410.798165    990.989615    
11888.752688    813.626644    
10780.498113    943.344096    
10678.427928    1190.331081    
11160.161290    1068.916526    
11661.673267    821.914273    
10940.794286    1310.641005    
10613.595092    1531.944438    
11806.673203    1057.726430    
10939.492424    1133.676725    
12025.228261    695.061682    
11341.274074    1168.151616    
11705.908046    883.617078    
11949.022727    740.722896    
11452.645714    986.623130    
11488.508929    967.682199    
11158.545894    1157.142681    
11732.296703    893.760908    
11240.482587    1328.670795    
11490.692308    964.397212    
12069.500000    709.345493    
11036.791045    1324.606087    
11244.503185    1186.911271    
11226.878788    941.139356    
11840.730769    795.843460    
11771.041667    882.015272    
11763.150685    810.144037    
10940.557214    1138.402524    
11630.261745    847.619085    
11304.183908    1003.072928    
11523.354167    1004.335134    
11276.500000    1071.827613    
11506.309859    901.407766    
11381.100000    1024.622648    
11773.918033    689.536701    
10818.622302    1156.880921    
11885.764706    697.337460    
11545.500000    915.839128    
11350.582278    1008.994230    
11025.588235    1190.912680    
11970.631579    816.940857    
10951.656805    1174.420673    
11195.230769    1061.838142    
11535.962963    996.916167    
12004.175439    790.811068    
11462.040323    1099.631363    
11422.173913    945.451547    
10481.967480    1380.730165    
11289.967532    1116.840647    
11414.878788    1335.338750    
11286.961832    1314.625442    
11307.626761    1085.754418    
11752.564516    734.096232    
11384.730539    1190.701883    
11510.219048    887.503711    
10934.013761    1173.359911    
11138.400000    1306.684396    
11169.183206    1021.631765    
10956.577093    1161.882533    
11433.993103    968.436354    
11744.846154    743.444850    
11451.111888    1034.862243    
10864.912500    1324.869382    
11339.737288    1208.184500    
12107.456140    597.781016    
11372.242188    1056.418298    
11783.165414    927.890316    
11540.520833    920.186745    
11722.377778    825.642079    
11093.658416    1029.991780    
11126.934959    1000.201758    
11369.256281    919.098077    
10924.605000    1004.695774    
11758.317919    830.492122    
11640.504425    1069.161719    
11840.857143    1055.093535    
11123.240000    1099.528913    
11263.083916    1129.056308    
11235.563025    991.935309    
11120.251046    1050.965679    
10353.011450    1398.441457    
11069.637931    1078.922855    
10969.841270    1211.409222    
11482.131148    1020.710279    
11189.398305    1171.943563    
10899.343590    1110.392839    
11794.944444    861.240268    
11295.528736    1049.323447    
11370.763441    955.943000    
11549.347826    961.447137    
11755.388060    820.742437    
11450.370536    1090.921588    
10692.645963    1358.357340    
11037.600000    1057.737789    
11019.404040    1347.485949    
11381.758621    1092.245580    
11078.052632    1306.816495    
11682.791667    1092.977444    
11595.452381    1052.607221    
11275.794702    956.393241    
11519.693182    1408.026580    
10920.727891    1670.238292    
11129.607143    1192.400929    
11429.840426    971.062911    
11666.294416    885.957164    
11058.583333    1409.696009    
12122.770270    708.405109    
11939.326923    795.071785    
10827.111940    1129.016024    
11265.649573    1025.297558    
11425.209302    1076.531155    
11361.600000    986.136322    
12058.227273    646.268269    
11584.037037    939.257675    
10894.194030    1386.310515    
11082.296875    1305.049199    
11785.397436    810.927758    
11736.910112    1255.780519    
11090.234043    1082.064083    
11456.189474    872.930663    
11445.192053    915.882202    
11567.840909    1110.437617    
10970.838889    1221.307429    
10906.065728    1360.331358    
11626.932836    921.548682    
11228.068966    1157.408757    
10831.009434    1373.229766    
11829.746479    693.936225    
11793.322222    943.102573    
11778.267442    861.533590    
11794.864865    806.326577    
11912.712963    752.578777    
11584.519481    791.309602    
11301.261682    1044.551210    
11022.803681    951.147379    
11212.184397    1247.652346    
11696.809524    807.220028    
10877.338843    1262.150661    
10931.540816    1264.198404    
11512.800000    999.165142    
12264.456140    591.605727    
11466.950617    1243.454863    
11891.633333    873.335502    
11695.590361    796.888498    
11597.000000    1193.098990    
11315.209581    1278.644927    
11843.188679    966.368363    
11897.567164    919.479415    
11815.452381    963.654186    
11281.920732    1028.093292    
11570.896226    918.273502    
11940.685714    820.099672    
11491.134021    920.344698    
11486.088235    1191.472348    
11465.344444    910.633261    
11112.079545    1078.223320    
10880.515924    962.540664    
12064.827869    598.661467    
11139.821429    1293.818124    
11660.570423    1036.635412    
11231.483333    1492.220934    
11433.158228    964.813982    
11366.468750    1209.099277    
11615.971429    1014.596373    
11329.467391    1223.027795    
11317.239496    1025.784519    
11599.616379    877.125268    
11367.493506    1059.970456    
11352.566667    996.043094    
10841.560976    1461.927375    
11403.793103    1379.299394    
11145.464912    1055.756004    
11411.196970    1092.196615    
11050.505376    1238.600221    
11845.314286    756.666138    
11808.688525    690.281566    
11632.021053    977.265142    
10993.024590    1434.724881    
11753.574074    970.358307    
11652.504950    978.325855    
11427.491228    992.195220    
10670.991870    1010.104462    
11735.346939    823.553340    
10819.031111    918.310770    
11535.169811    953.107633    
11774.640449    837.691145    
11883.516484    802.374161    
10722.621622    1029.278592    
11729.137931    941.218862    
10822.791837    1153.629574    
11771.010753    914.482244    
11341.735632    1102.856677    
10975.139037    1248.132372    
11932.500000    745.092318    
11349.859375    1082.149451    
11365.487179    958.663770    
11880.291667    723.474428    
11990.514286    799.599925    
11987.926316    656.988813    
11303.484277    1099.286841    
11411.635135    1012.594681    
11555.492754    1000.609881    
10816.239130    1533.789966    
10264.559671    1386.260517    
11682.959459    923.968913    
11917.491803    797.787609    
11521.846626    998.357022    
11642.388889    1174.070798    
11484.368421    904.808926    
11342.663265    1049.335042    
11731.663717    872.725409    
11185.055794    1000.997212    
11007.964286    1096.926136    
11559.561856    1132.906885    
11537.928571    972.470313    
11630.182796    914.289335    
11277.614865    1305.965696    
11365.460606    1198.200112    
11280.304000    1142.640375    
11559.891304    1013.312567    
11313.401070    1224.379749    
11199.801527    1355.473211    
11011.650190    1148.070966    
11661.157895    887.549083    
11623.269841    1028.336709    
11238.858824    919.691523    
11575.202247    1101.185073    
10984.344262    1043.686869    
11604.576577    1183.327310    
11390.078652    1118.711400    
10680.619792    1448.425494    
11429.160000    1006.548140    
11653.356436    946.229397    
11876.409836    774.398706    
11427.507576    953.226892    
11393.111732    1027.001242    
11399.689655    1304.602818    
11555.988889    1088.524317    
11460.507937    1468.580644    
11343.369231    1256.980381    
11531.321739    895.727264    
10928.595588    1428.039310    
11396.943548    1102.484842    
11157.586538    1179.351024    
11602.450704    867.349626    
11687.014925    1145.228759    
11273.886792    1090.547955    
11636.119565    858.836002    
11612.862500    866.686777    
11530.644628    941.703054    
11518.295238    945.921399    
11217.052381    917.924471    
11868.056075    743.726508    
11152.411458    1084.120329    
11900.722222    945.854100    
10325.084967    1456.272644    
11188.183246    1023.440652    
11658.377049    825.310635    
11470.204255    839.151446    
10642.530055    1302.769173    
11425.971429    864.123993    
11520.500000    936.112117    
10718.496063    1262.611660    
11616.074074    885.509378    
11474.367647    980.333368    
11537.618812    890.213473    
11205.687023    975.994049    
11106.433121    1111.661637    
11428.260870    1123.632162    
10978.697143    1164.255993    
11409.657534    936.234021    
11770.617284    875.939729    
11080.946154    1245.295889    
11216.393103    1108.602726    
10632.442478    1312.887657    
11325.315315    1118.691683    
11363.544554    1416.348216    
11055.341176    1273.515806    
11456.845238    1121.149840    
12089.175000    679.035488    
10819.570175    1048.668228    
10901.132353    1481.035423    
11228.412281    1133.901708    
10836.068323    1298.872240    
11378.038462    1074.881929    
10883.481081    1343.961112    
11078.581197    1162.116984    
11149.557895    1123.163181    
10865.772277    1456.962423    
10997.478261    1011.461858    
11152.707182    1229.013573    
11095.777778    1347.884121    
11233.821429    1172.465726    
11673.513043    982.910269    
11579.317536    963.488094    
11441.708333    1044.690224    
11615.031250    1019.251701    
11110.644231    1215.078598    
10823.494898    1275.088694    
11619.511628    823.824106    
11445.550505    1006.638443    
11731.277108    1086.592345    
11350.153846    921.363923    
11317.882353    1024.887921    
11700.088235    829.346460    
11386.064327    852.820077    
11657.282609    890.799877    
11739.413043    850.513594    
11151.529070    1197.507583    
11696.013986    1001.748792    
11938.311475    732.770859    
11152.793478    1002.874895    
11077.881944    1066.520397    
11609.927273    917.112422    
11501.746154    909.630054    
11717.197674    767.378940    
11316.503268    1091.324422    
11063.205298    1239.943143    
11426.427027    1195.556818    
11940.771429    780.094375    
11455.013043    883.936903    
11945.133333    714.485430    
11760.038961    946.617470    
11318.818182    1184.611660    
10749.507772    1236.826279    
11634.726619    883.155329    
11148.551402    946.557503    
10907.179775    1395.972168    
11564.712121    875.637703    
11739.441860    1041.093439    
11639.923077    1272.099907    
11263.436019    1018.100680    
11071.779817    1275.157867    
10855.479042    1211.912992    
11340.626374    1228.242080    
11649.646154    813.734703    
11728.375000    765.821919    
11933.350000    675.167555    
10935.238938    1407.130792    
11795.916667    881.059849    
11747.458824    762.452676    
11011.014354    1237.361151    
11056.230769    1220.862504    
11701.166667    1234.776984    
11567.114286    804.212970    
11311.455285    1458.958969    
11121.529915    1171.624102    
11371.568182    1104.644387    
11461.365079    874.203816    
11750.974359    936.565443    
11015.500000    1072.999714    
11663.554688    885.122041    
11475.352381    818.303820    
11671.006452    937.627965    
10829.610169    1236.539393    
11879.930233    807.293422    
10827.878261    1247.309035    
11744.642857    847.771187    
11330.596774    1330.560947    
11033.365385    965.371242    
11489.040000    969.166562    
11665.916667    833.067099    
11602.425000    1123.054415    
11242.652174    1070.603288    
11003.515152    1287.677295    
10895.697183    1229.136769    
11617.855263    945.904548    
11728.493151    904.855019    
11188.752137    1041.501943    
11054.682243    1222.062793    
11328.860927    1099.470071    
11637.153846    1097.440569    
11059.891892    1475.579436    
11051.400000    1296.798464    
11020.503704    1287.985075    
11161.250000    1075.928532    
11187.479339    1270.372146    
10835.382550    1408.947570    
11268.704762    1027.123880    
11618.610169    886.491007    
11488.729167    1125.937456    
11559.952096    1081.116936    
11518.933333    957.995492    
11488.781250    1039.437640    
11546.000000    1011.224769    
11453.693182    1193.629457    
11628.822581    772.917650    
10589.401869    1451.271327    
11553.440000    1035.585635    
11062.660256    1287.752392    
11313.752000    1224.463642    
11693.358696    763.778559    
11169.414062    1276.725906    
11322.895425    1224.609871    
11125.216216    1635.253097    
11348.172414    1151.064960    
12199.610169    685.794900    
11402.115044    1099.215752    
11636.137097    889.503398    
11557.367925    992.511493    
11709.157895    907.521210    
10715.270492    1251.928362    
11272.910615    1075.726421    
12191.500000    557.622600    
11366.703911    1047.794314    
11989.615385    854.961001    
11386.739130    992.234335    
11193.032258    1097.027729    
11611.314815    1000.595745    
11451.155340    1108.383567    
11579.721519    993.079840    
12021.775862    775.280951    
11241.907407    1309.821026    
11359.820225    1163.527159    
11132.769231    1230.223879    
11186.205128    1049.809218    
10971.411290    1363.294604    
11046.252475    1129.120332    
12062.384615    771.342789    
11611.634146    1083.368334    
11335.333333    1181.889794    
11114.069930    1328.537393    
10855.682081    1145.283062    
11179.482927    1208.155920    
11042.264368    1383.074357    
11031.599099    1161.027107    
11546.013889    946.157720    
11433.026846    992.440311    
11182.843373    1116.187913    
11358.412766    908.031467    
11522.694915    973.070020    
11507.807018    1061.298732    
11933.900000    748.803539    
11511.168224    1081.576743    
11717.897727    824.237830    
11579.876289    1179.734972    
11950.085106    816.984149    
10656.042453    1417.951463    
11342.921739    987.435098    
11993.880597    765.217119    
11611.566265    934.662676    
11392.972603    1363.315117    
11454.796748    1259.331840    
11437.014184    1006.137069    
11934.420000    663.927198    
11314.375000    896.201890    
11897.814286    597.539868    
11566.082126    983.890718    
11604.566138    996.063162    
11137.573333    1237.685239    
11822.500000    989.045851    
11886.964706    842.803479    
11346.186916    1256.193993    
11580.991071    935.675983    
11041.212598    1133.032101    
11433.265823    1166.497763    
10779.706349    1288.958335    
11549.438272    1126.260172    
11845.898551    955.421694    
11937.597826    739.703805    
11688.903226    804.593333    
11470.647727    865.755884    
11893.193548    843.682153    
11701.781250    741.983437    
11588.108696    889.795186    
10800.046875    1662.812808    
11614.373333    946.248167    
11133.909091    1177.939100    
11697.228916    852.353317    
11324.884956    1002.483101    
11578.753968    838.712625    
11475.056000    1057.892375    
11761.226190    908.879115    
10327.196970    1723.324954    
11269.318182    1335.925492    
9599.683486    1921.077024    
11139.303030    1348.169758    
11125.804255    1289.499397    
10769.447674    1491.517213    
11438.465753    1127.372246    
10984.563492    1219.856019    
11825.458333    835.746771    
10817.668966    1567.610693    
11230.105263    1092.558990    
11886.538462    670.395209    
11192.992857    993.278363    
11487.395062    1066.363894    
11528.900000    920.019580    
11992.961538    653.782426    
11505.611570    1067.804354    
11751.466667    861.861425    
11692.572519    969.000288    
11307.039130    916.023544    
11087.885496    1332.956146    
11610.967033    1041.995380    
11603.380952    1101.312095    
10967.111588    1276.688183    
11598.611511    861.012843    
11522.128571    895.514009    
11337.554795    965.185624    
11442.444444    937.803054    
11919.536585    985.369612    
11419.275862    1046.226426    
11143.303371    1073.168452    
11439.852459    927.552877    
11757.887500    737.960653    
11196.142857    1288.376459    
11003.168750    1360.939989    
12174.680851    764.894322    
11656.819672    1014.224060    
11549.753425    1035.998715    
11760.324324    888.875377    
11104.838983    1057.242880    
11767.193548    744.857109    
11257.992188    1329.954179    
11870.355263    836.491824    
11231.178161    1104.064688    
11668.339623    837.099596    
11042.185185    1213.519981    
11601.483871    1073.069035    
11180.097826    1390.818793    
11155.992188    1660.893281    
11551.042017    849.675711    
11866.762821    781.335716    
10903.027523    1249.533127    
11268.830508    1186.938258    
11328.269231    992.852078    
10955.265060    1186.635647    
11416.068966    899.945185    
11356.378698    920.326517    
11367.752874    1031.818327    
10832.220339    1614.588546    
11518.711712    1088.806822    
11834.675000    764.385223    
11486.388235    935.809509    
11863.363636    1021.557903    
11355.780142    979.046447    
11553.269841    900.110015    
11519.500000    1036.000230    
11549.734884    793.583623    
11456.318966    888.991618    
11376.248649    936.439515    
11285.279661    1278.229144    
11332.147727    954.227580    
11325.594203    1220.504473    
11460.346154    989.392780    
11641.688073    964.860913    
11761.685950    888.334583    
11588.962264    1029.109653    
11295.154639    1222.670319    
10923.774834    1465.395777    
11601.160920    937.294209    
11432.769697    1275.709151    
11804.064220    790.221236    
11034.170616    1185.471162    
11237.823529    1118.435689    
11463.380531    1182.334015    
11554.235714    962.962465    
11436.457944    897.205644    
10983.375610    1141.620351    
11654.863636    1142.640351    
11372.169399    996.069450    
11588.040000    929.825796    
11864.946809    807.728011    
11821.010989    868.992868    
10853.789238    1282.779293    
11576.837500    1047.819873    
11510.486842    1014.471129    
11662.886792    1182.859306    
11633.297619    905.425759    
11844.346154    1055.780897    
11331.478788    1043.676709    
11234.768293    1504.636811    
11593.112069    1184.989559    
