5397.211745    316.994284    
5517.866005    390.094318    
5378.544850    316.034504    
5582.395368    392.255830    
5563.749380    438.586348    
5542.208437    351.075108    
5492.963606    250.698858    
5452.223325    263.886420    
5532.947064    335.578222    
5430.824648    306.015673    
5547.471464    377.009123    
5398.112490    301.436775    
5452.382961    290.089607    
5580.599669    448.506838    
5460.425972    365.976285    
5603.129032    388.249142    
5513.559140    260.546670    
5510.511993    327.274407    
5408.760132    230.314961    
5608.756824    452.880884    
5581.124069    432.394745    
5513.827957    329.416739    
5448.062862    257.745983    
5479.771712    351.817217    
5453.204470    336.767442    
5392.228288    277.759363    
5474.589744    326.141417    
5536.333333    329.962490    
5578.890819    415.666127    
5571.844500    326.171172    
5507.403639    317.536598    
5599.615385    379.430927    
5515.593052    271.013632    
5396.448304    268.494167    
5308.550868    213.942366    
5359.016543    263.909980    
5433.332506    312.600489    
5376.542597    266.211027    
5402.232423    207.729201    
5544.658395    346.313486    
5672.385443    403.201301    
5569.239868    390.123189    
5488.281224    235.631756    
5433.556658    301.658819    
5382.003309    247.964458    
5402.368900    330.722891    
5415.234905    287.461053    
5494.990074    363.567923    
5521.077750    359.994788    
5711.874276    410.895261    
5663.885856    426.439572    
5568.999173    338.822535    
5402.663358    224.192435    
5434.097601    276.395756    
5505.274607    291.369103    
5484.863524    316.213888    
5343.615385    244.298970    
5434.724566    347.594431    
5513.226634    340.226176    
5495.028122    323.979317    
5517.074442    369.256718    
5517.504549    358.340667    
5532.788255    342.447296    
5496.766749    343.234216    
5397.705542    261.251662    
5442.706369    241.931955    
5572.687345    382.441428    
5527.380480    305.753612    
5545.968569    343.917709    
5492.227461    295.597440    
5553.413565    392.254327    
5550.327543    329.821578    
5440.365591    316.773984    
5426.032258    220.315902    
5395.067825    267.252789    
5479.598842    285.785867    
5445.542597    265.828433    
5542.161290    318.165817    
5426.149711    352.228019    
5512.556658    287.308376    
5444.449132    361.670242    
5553.698098    298.489496    
5492.416046    319.462459    
5615.152192    393.109037    
5479.082713    333.963693    
5423.420182    269.499985    
5457.684036    343.696951    
5383.111663    267.407051    
5353.200165    262.760285    
5415.511166    301.111220    
5480.843672    312.262701    
5438.014061    264.715689    
5407.477254    318.990625    
5427.815550    276.554247    
5538.693135    416.624052    
5527.410256    308.458711    
5520.269486    307.892199    
5430.283706    247.351987    
5438.841887    313.626469    
5474.674111    352.906040    
5470.373036    321.642925    
5487.442514    403.289754    
5469.436725    347.214159    
5540.880066    287.810346    
5506.966088    343.133965    
5551.291977    396.235418    
5451.110008    303.561796    
5475.144748    256.704430    
5445.774194    291.739272    
5407.083540    210.866122    
5308.822994    241.746988    
5548.193548    344.897377    
5552.887510    394.564444    
5377.611249    235.981191    
5455.517783    260.562111    
5507.723739    283.412908    
5444.397849    273.005585    
5472.697270    297.946417    
5412.256410    314.254835    
5415.754342    251.047018    
5384.213400    230.150429    
5505.772539    270.198580    
5447.105873    281.811302    
5481.762614    267.690612    
5495.263854    262.803749    
5418.021505    291.673820    
5303.803970    268.222484    
5471.526882    278.225934    
5447.593052    329.595187    
5495.530190    333.731076    
5493.055418    341.711599    
5394.248139    302.749315    
5473.281224    348.364700    
5460.247312    263.051541    
5470.449132    275.596301    
5497.569892    323.268131    
5479.112490    312.019189    
5298.379653    224.863728    
5394.262200    256.388269    
5487.942101    320.431360    
5599.167080    398.134110    
5536.411084    410.352394    
5447.577337    271.920138    
5344.638544    233.999373    
5288.771712    203.449872    
5388.663358    271.328484    
5469.995864    305.035969    
5474.168734    308.117048    
5461.344086    275.141709    
5466.889165    301.910012    
5441.890819    358.687883    
5434.148883    240.231384    
5444.844500    249.003757    
5473.185277    286.747542    
5451.305211    278.182079    
5560.373036    299.141582    
5569.080232    402.959325    
5452.755997    286.745047    
5460.891646    272.804679    
5404.856907    248.484246    
5429.228288    214.310607    
5512.462366    273.456732    
5491.811414    273.081274    
5481.397849    367.294499    
5442.562448    305.168727    
5464.094293    309.863260    
5533.088503    387.087852    
5466.999173    300.638866    
5474.117452    308.119633    
5505.048801    330.153352    
5489.809760    318.665635    
5480.403639    360.538827    
5416.449959    323.199428    
5471.029777    385.828664    
5490.661704    392.151655    
5509.991729    410.441135    
5420.568238    280.948268    
5423.211745    307.140344    
5388.724566    331.533462    
5445.526055    288.120896    
5403.305211    325.692729    
5452.843672    352.303460    
5465.299421    347.192371    
5459.564103    249.826301    
5410.387097    275.329589    
5449.956162    279.207630    
5467.612076    297.828756    
5488.790736    367.370301    
5481.989247    376.985032    
5442.874276    346.222635    
5416.516956    279.632291    
5496.411911    316.299129    
5427.916460    294.245477    
5443.353184    317.760602    
5461.248966    314.428603    
5505.339950    339.007801    
5478.258065    279.052991    
5429.669975    263.442206    
5448.035567    228.928148    
5383.846154    283.911882    
5533.865178    355.414427    
5537.848635    323.863320    
5486.659222    322.699885    
5510.939620    341.663517    
5395.588916    269.641926    
5509.652605    289.228471    
5535.341605    357.349185    
5553.527709    367.865269    
5531.715467    351.122803    
5498.533499    336.019337    
5505.760959    318.769159    
5571.457403    332.371667    
5560.184450    390.822568    
5487.887510    330.755371    
5433.777502    317.839014    
5454.058726    321.045228    
5481.775848    324.655491    
5532.597188    327.788107    
5514.319272    367.378504    
5475.576510    385.325943    
5391.256410    284.380941    
5674.057072    541.164873    
5535.877585    366.146456    
5290.659222    257.286006    
5431.167907    267.387562    
5431.368073    284.981652    
5484.941274    299.587785    
5566.789082    470.625022    
5554.502068    429.887661    
5560.064516    272.044760    
5524.794045    379.979099    
5539.728701    388.819735    
5439.062035    304.022933    
5512.604632    317.186923    
5492.014888    309.867182    
5590.227461    394.269966    
5543.849462    379.848891    
5524.426799    321.774489    
5449.960298    315.524758    
5535.312655    412.480926    
5496.316791    326.542865    
5484.677419    343.822699    
5557.046319    386.739487    
5420.529363    280.729472    
5512.812242    359.272259    
5520.563275    412.251812    
5475.297767    415.283160    
5437.567411    407.181397    
5461.302730    344.325780    
5558.416873    364.220911    
5576.013234    382.819918    
5542.265509    354.983192    
5358.898263    272.076423    
5403.558313    297.115477    
5488.146402    312.324055    
5530.083540    335.374288    
5544.119934    403.221446    
5602.530190    435.844632    
5520.671629    340.568695    
5480.305211    284.447513    
5471.441687    302.243817    
5462.176179    283.452687    
5410.622829    309.313408    
5369.315136    344.053688    
5506.247312    357.968042    
5519.210918    395.394100    
5501.233251    286.815784    
5466.563275    304.587141    
5508.780811    272.497734    
5438.130687    351.653477    
5485.158809    386.112738    
5419.656741    401.535099    
5456.168734    349.410878    
5454.066170    349.863018    
5605.053763    402.430654    
5564.887510    416.276025    
5493.967742    392.185037    
5556.348222    329.926756    
5536.244830    359.866113    
5504.454094    315.734929    
5475.978495    311.344468    
5536.033912    458.999910    
5493.834574    447.018074    
5404.593052    354.857827    
5402.227461    357.024768    
5456.290323    331.755479    
5360.793218    278.602750    
5545.775021    369.556461    
5493.406121    314.647591    
5581.190240    463.506737    
5536.655087    393.323843    
5510.038048    326.822500    
5379.177833    232.428686    
5507.421009    321.250190    
5499.602151    317.547076    
5530.612903    354.130995    
5475.963606    368.426256    
5512.602151    300.128676    
5490.808106    354.606472    
5535.846981    355.667121    
5512.525227    352.572978    
5488.305211    292.979622    
5486.511166    425.400126    
5428.196030    304.845366    
5413.736973    296.788830    
5563.612903    400.294022    
5491.451613    405.417084    
5526.776675    321.913810    
5510.332506    327.757236    
5513.621175    454.179101    
5438.321754    349.753984    
5415.951199    338.886959    
5439.754342    285.628508    
5532.419355    354.017360    
5441.361456    348.692646    
5505.034739    380.195255    
5458.126551    336.119294    
5509.306865    371.713339    
5494.508685    465.643046    
5549.325062    379.860683    
5418.490488    296.891706    
5363.038875    303.664154    
5503.478908    401.413579    
5439.252275    328.116053    
5520.904880    326.970646    
5450.307692    290.807884    
5508.559967    350.342600    
5557.429280    399.410674    
5475.521919    335.988873    
5553.440033    352.334638    
5404.853598    354.230873    
5467.050455    368.023121    
5409.188586    404.209651    
5508.333333    346.124036    
5502.747725    364.909135    
5476.073615    357.452299    
5380.301902    338.181351    
5442.526055    338.048481    
5386.291977    344.631269    
5489.765922    402.906410    
5516.388751    370.220397    
5411.425972    389.738866    
5520.197684    486.074514    
5471.282878    426.989670    
5521.931348    502.347415    
5525.564103    386.759881    
5570.497932    416.435431    
5607.569065    426.084299    
5551.461538    425.202874    
5548.253102    431.128642    
5486.573201    436.416898    
5447.472291    392.219743    
5534.159636    506.653219    
5496.814723    350.601382    
5419.133995    355.310738    
5565.356493    519.685920    
5519.624483    469.935815    
5549.639371    438.008784    
5493.183623    343.481067    
5513.566584    452.869386    
5526.171216    496.694786    
5529.119107    526.253783    
5556.975186    483.846120    
5560.177833    409.100145    
5549.393714    384.640391    
5507.238213    409.952209    
5499.189413    491.097884    
5411.026468    342.022067    
5465.721257    329.607445    
5461.296112    384.909816    
5508.609595    354.103493    
5478.950372    346.311182    
5440.713813    272.844555    
5472.458230    313.621468    
5590.301075    475.349451    
5545.725393    439.627729    
5514.759305    355.804982    
5415.154673    318.781829    
5528.011580    342.260628    
5489.991729    299.173283    
5376.069479    275.257023    
5445.727874    333.521538    
5470.751034    385.119530    
5598.966915    468.788217    
5563.197684    348.282269    
5596.384615    450.858598    
5481.760959    404.752336    
5543.751861    450.392427    
5476.148056    326.725743    
5569.614557    466.006136    
5525.540943    436.601614    
5560.861869    392.937338    
5490.157155    350.778239    
5694.810587    538.101726    
5606.701406    388.190665    
5593.110835    600.788677    
5568.562448    483.907668    
5533.884202    402.529064    
5533.049628    385.826070    
5641.826303    466.977827    
5641.047146    517.910584    
5523.482217    410.916549    
5613.728701    443.007028    
5677.694789    498.845050    
5612.021505    548.579903    
5660.086022    516.057655    
5580.133995    462.218885    
5620.808933    445.256401    
5687.971878    532.425187    
5523.564103    395.778720    
5601.279570    446.578387    
5655.296940    454.525439    
5684.463193    529.195784    
5616.306865    471.508723    
5654.144748    507.222852    
5648.537634    559.809895    
5652.923904    586.581863    
5660.555004    541.943585    
5729.592225    704.138365    
5747.693962    536.819991    
5659.614557    576.362353    
5678.529363    499.852090    
5760.589744    647.548993    
5643.818859    563.687779    
5626.204301    482.691952    
5589.137304    475.922528    
5607.132341    474.454990    
5655.756824    542.367189    
5672.803143    557.487660    
5662.640199    575.024264    
5704.076096    606.280805    
5777.298594    578.532417    
5814.959471    637.070376    
5681.201820    548.416206    
5657.871795    582.315296    
5679.180314    596.428616    
5681.387924    573.946993    
5677.164599    547.262040    
5733.203474    616.378203    
5643.033912    484.148295    
5763.075269    600.166784    
5732.848635    654.668461    
5630.416046    466.409138    
5623.117452    472.406031    
5638.567411    506.785184    
5696.334988    538.046703    
5711.406948    511.499164    
5558.301902    492.105643    
5664.349876    489.878676    
5680.844500    468.081015    
5683.320099    465.239865    
5650.825476    519.998715    
5623.167080    399.069431    
5698.604632    491.957899    
5631.144748    520.483228    
5634.552523    489.397688    
5669.194376    531.928453    
5618.083540    450.614020    
5649.914806    474.008605    
5625.548387    490.023155    
5546.387924    513.977394    
5542.872622    479.557844    
5562.776675    470.815467    
5622.200993    497.105134    
5538.972705    503.669143    
5531.670802    424.061270    
5565.090984    532.288781    
5624.188586    562.079832    
5531.924731    545.782602    
5598.363110    439.459213    
5617.170389    438.535340    
5562.702233    372.482620    
5615.976013    548.210324    
5578.244003    477.266911    
5600.740281    401.962486    
5572.407775    453.544010    
5644.072787    452.071892    
5591.309347    424.844864    
5538.535980    407.729340    
5490.366419    511.380395    
5633.770885    458.795551    
5665.014061    559.914204    
5737.466501    492.572759    
5673.083540    489.364068    
5639.162117    452.814021    
5564.784946    507.199081    
5514.379653    439.791928    
5439.986766    377.837438    
5458.338296    363.074960    
5469.421836    414.157899    
5615.014888    481.516782    
5531.139785    451.614065    
5679.145575    496.190730    
5700.585608    453.201655    
5594.347395    410.229501    
5613.407775    498.361877    
5591.819686    483.807258    
5490.052936    450.888639    
5559.813896    352.890699    
5554.641026    599.666614    
5462.294458    379.686233    
5409.741108    340.090792    
5554.914806    464.597176    
5598.928040    380.184434    
5620.518610    387.511020    
5518.665840    412.967947    
5581.641026    309.278389    
5502.359801    376.830850    
5627.717949    411.970797    
5585.029777    487.799811    
5581.836855    332.251610    
5530.741108    483.964899    
5616.085194    608.247011    
5602.730356    591.882674    
5559.555004    497.274079    
5557.758478    462.605327    
5598.115798    461.055403    
5678.081886    594.284323    
5842.822994    593.428918    
5730.082713    602.102581    
5652.007595    631.553381    
5492.219189    374.154401    
5476.864351    398.118976    
5524.695616    427.097386    
5487.301075    397.964281    
5489.346567    465.475501    
5615.445823    449.211806    
5649.010753    544.277190    
5635.140612    520.887933    
5529.275434    547.022423    
5391.399504    258.194972    
5555.930521    618.712110    
5622.416046    503.462308    
5873.329198    639.269476    
5573.882548    420.716683    
5650.687345    429.817823    
5496.681555    376.225365    
5536.609595    483.371496    
5677.510339    617.761312    
5562.969396    370.976334    
5540.549214    424.873172    
5549.581472    426.777027    
5643.395368    549.624790    
5615.014888    396.359095    
5577.708023    330.423041    
5563.252275    488.155857    
5634.392060    356.003969    
5674.277916    538.952035    
5625.017370    462.027175    
5599.751034    465.402555    
5602.973532    420.909845    
5606.196857    492.844806    
5631.591398    405.437886    
5663.885856    421.401318    
5645.917287    375.347893    
5625.779983    391.439362    
5530.574028    424.998397    
5636.732837    439.051365    
5531.406948    330.854044    
5591.961125    451.867797    
5617.038048    478.098877    
5593.388751    408.020823    
5617.902318    438.144090    
5664.796526    343.018740    
5777.305211    442.700412    
5796.858561    432.618926    
5563.690653    290.577919    
5663.322581    427.935694    
5762.240695    576.334954    
5594.540943    413.849395    
5625.688999    352.333095    
5651.468983    460.334482    
5596.119107    497.296432    
5656.749380    523.302071    
5609.281224    584.019093    
5706.161290    568.903093    
5477.940375    535.771993    
5565.503073    462.102101    
5686.273106    474.737102    
5636.430935    438.652458    
5675.761787    572.577533    
5601.490300    444.751278    
5492.810474    404.847361    
5645.661704    493.334191    
5578.272179    424.429889    
5614.448304    397.452978    
5634.899090    518.671282    
5583.834574    407.745393    
5447.513648    246.672502    
5734.764268    545.912794    
5607.304384    473.211250    
5548.254756    420.271134    
5580.783223    337.404519    
5634.864351    500.899606    
5596.818031    498.747969    
5507.564930    343.124240    
5470.550868    366.864443    
5603.417701    479.733301    
5676.740281    716.383814    
5732.890819    565.934609    
5624.971831    474.793807    
5638.136476    370.099629    
5604.715467    394.167565    
5472.364764    350.043972    
5592.315136    327.807609    
5511.584781    464.252181    
5617.262200    430.860625    
5512.070629    478.096037    
5579.395368    456.365179    
5560.420182    445.605398    
5585.313742    484.943376    
5587.785773    526.752075    
5660.109181    543.915083    
5673.594706    465.709920    
5611.661704    552.169015    
5503.548387    468.861204    
5615.112583    484.023340    
5643.110835    575.533822    
5681.786600    528.598984    
5594.825476    500.563489    
5614.765922    552.652002    
5622.989247    476.877925    
5604.108354    500.158022    
5624.768020    499.329385    
5581.421836    386.349746    
5608.221671    482.874785    
5575.260546    495.015555    
5603.001654    595.153124    
5460.129859    364.310998    
5601.510460    566.543045    
5591.252275    537.852189    
5546.288668    568.938134    
5623.148883    583.159909    
5500.632754    536.664225    
5562.025641    484.023252    
5586.132341    532.127216    
5645.574672    567.932642    
5606.624483    567.802529    
5543.656741    536.277997    
5570.348382    572.077803    
5515.665840    615.271114    
5605.826923    610.133138    
5704.268817    588.689718    
5569.341947    583.264935    
5656.600000    604.271574    
5614.114971    613.989419    
5450.964433    360.867466    
5428.686518    349.395274    
5589.966088    422.199843    
5589.080232    447.052247    
5510.660877    536.389038    
5589.770885    544.532888    
5650.229115    559.345845    
5705.406121    498.902725    
5711.101737    665.819516    
5606.214227    489.486050    
5474.651778    346.504777    
5459.903226    380.148723    
5530.582299    481.242999    
5490.708850    548.960268    
5695.959471    646.447999    
5697.911497    653.786479    
5600.950253    492.936919    
5635.045492    620.786118    
5577.857734    506.499229    
5704.552523    473.628793    
5454.846154    306.604842    
5569.430663    515.074259    
5557.102564    541.259941    
5724.009098    554.930620    
5713.287014    634.956526    
5548.039417    484.921347    
5661.375833    581.887625    
5501.185277    327.683958    
5523.825476    444.496513    
5596.064397    534.705383    
5588.647643    506.126177    
5609.885029    556.860368    
5553.712986    459.253861    
5522.555004    545.591932    
5610.155500    582.526174    
5590.225806    469.638123    
5539.098428    470.419809    
5461.990074    402.347571    
5526.649863    504.739690    
5507.975186    492.770763    
5575.697270    550.909660    
5609.971878    519.926973    
5510.583127    473.931364    
5529.918941    499.377088    
5742.125724    767.846444    
5603.836228    473.460935    
5673.031014    572.484474    
5562.224152    493.222407    
5493.618061    444.401547    
5543.300248    456.089254    
5557.942114    525.074090    
5746.544251    555.694710    
5819.371381    783.137468    
5554.174844    600.373731    
5550.182796    518.554599    
5471.703888    413.716321    
5605.196857    542.628996    
5566.276261    404.611854    
5529.444732    503.920315    
5573.326700    555.548270    
5362.116625    380.000321    
5647.865178    575.984842    
5665.385443    448.616775    
5689.389578    523.178156    
5639.680763    446.094086    
5584.961952    442.007905    
5569.091924    479.929247    
5610.484698    501.650325    
5595.176179    530.999954    
5612.911424    532.730976    
5573.669148    477.950042    
5662.753515    558.929401    
5614.932175    540.397595    
5726.565757    573.140407    
5751.954508    664.353473    
5723.498751    684.945949    
5725.287014    544.765901    
5569.124897    471.089277    
5629.830438    470.636718    
5599.239868    417.242847    
5477.588916    377.758327    
5612.069479    551.570934    
5544.790736    498.271142    
5627.360806    522.508881    
5761.858561    430.358898    
5710.693135    620.120597    
5663.814723    449.175473    
5738.239041    589.031768    
5603.076923    509.229759    
5651.258065    538.728164    
5573.896400    472.156566    
5591.645161    467.375384    
5742.565757    527.116178    
5604.071960    524.360767    
5572.052936    505.859331    
5502.967742    403.190828    
5609.510339    420.889847    
5580.353184    626.773749    
5543.143093    490.414460    
5583.062035    609.703783    
5582.381307    411.632224    
5632.651778    609.878707    
5646.206782    590.350935    
5623.964433    433.108519    
5553.633581    593.364496    
5563.405294    479.367799    
5460.524400    289.344351    
5679.413565    584.148605    
5619.346567    537.159813    
5648.863524    479.425717    
5567.473118    395.936612    
5600.653433    501.319287    
5519.121790    436.729251    
5534.047974    394.476407    
5599.310174    497.627691    
5678.726821    698.666281    
5683.366197    387.275999    
5545.355666    509.454613    
5478.186931    439.257153    
5586.518212    529.065060    
5505.382377    491.772161    
5495.848635    487.901812    
5624.526882    442.136238    
5633.206782    405.576440    
5568.886364    577.786271    
5670.772539    470.227415    
5602.693962    465.573745    
5599.538462    494.711015    
5567.655914    446.841790    
5630.370554    485.457929    
5531.420530    337.041091    
5520.464996    535.372932    
5593.708850    492.432481    
5703.298594    662.425671    
5523.270471    348.546281    
5480.606599    450.993656    
5654.143921    487.217909    
5588.471464    550.907424    
5539.116003    549.025969    
5756.825476    475.409024    
5609.118280    380.060892    
5528.613730    441.172879    
5656.055418    592.573972    
5550.634409    503.478608    
5623.715467    559.479831    
5597.602151    430.772722    
5586.377998    586.122603    
5678.290323    576.272240    
5629.467328    363.541542    
5570.865178    555.671231    
5699.862696    579.669156    
5565.746071    438.957647    
5611.058236    490.393465    
5549.358147    382.700381    
5617.329198    449.766719    
5692.590571    491.559932    
5609.071669    502.926065    
5538.535980    430.875957    
5708.858561    412.315161    
5646.320099    444.547676    
5527.579818    523.688631    
5600.281224    402.275227    
5574.354012    421.899975    
5617.300248    484.798602    
5478.830438    465.745221    
5487.507450    586.865612    
5649.992028    539.677264    
5624.380570    668.789622    
5515.294458    437.202859    
5538.379653    518.718951    
5693.041771    631.477844    
5724.504549    504.935330    
5819.016543    678.814180    
5775.470637    533.585361    
5734.730356    614.821646    
5636.926385    450.913821    
5466.229115    383.452392    
5635.213400    427.947303    
5660.134996    631.160940    
5781.711332    542.986229    
5682.801489    504.564820    
5449.092639    429.863051    
5571.270471    605.207817    
5508.739454    449.160202    
5637.576636    521.522182    
5785.309347    516.794903    
5676.554177    477.920818    
5612.023987    387.584200    
5524.335815    422.431094    
5516.025045    411.541238    
5561.482217    402.257038    
5506.765095    368.909325    
5436.441687    328.169452    
5573.516129    310.223852    
5557.295285    335.717990    
5693.091811    404.815751    
5586.676592    356.966046    
5642.532672    387.537865    
5607.395695    386.139617    
5622.457403    296.057234    
5671.820513    460.322964    
5538.507031    336.386264    
5533.563275    389.025330    
5581.873449    386.575318    
5474.462366    305.971244    
5474.035567    283.870748    
5556.374690    380.952549    
5623.002481    406.994885    
5683.076923    388.091005    
5666.569892    386.244216    
5582.708850    334.548488    
5558.186104    299.977448    
5440.369727    351.280003    
5597.922250    397.789890    
5613.624895    443.811478    
5724.900744    503.937973    
5594.565925    422.457022    
5632.383788    363.048452    
5618.267163    346.809326    
5595.843672    377.787676    
5508.047974    341.543217    
5518.275434    420.016792    
5574.941274    320.573815    
5585.607940    365.376645    
5575.095120    361.144683    
5520.511993    445.585904    
5606.583954    399.455703    
