	6872.74226804	6906.29896907	6895.86254296	6867.47995418	6811.18671249	6724.32416953	6608.3024055	6479.7628866	6352.40435281	6237.58533792	6137.21814007	6049.5921659	5979.65465116	5923.54054054	5874.56769596	5827.01792115	5785.54371257	5739.98920863	5694.34808612	5647.63170441	5605.01775148	5565.86823529	5535.94158879	5518.95934959	5514.67633411	5522.62096774	5534.33639495	5546.31958763	5559.59221077	5576.38258877	5592.17983963	5608.07674685	5632.70790378	5664.82359679	5707.45933562	5764.04696449	5837.41580756	5921.0836197	6011.3906071
	6872.04581901	6886.49255441	6867.62886598	6830.46735395	6768.47651775	6684.28751432	6568.28865979	6442.69988545	6322.82016037	6216.59335624	6123.41513761	6041.63479263	5977.37514518	5925.81272085	5884.01184834	5836.35322196	5790.6062425	5745.01920768	5698.37514934	5651.12930012	5605.71919431	5565.97884841	5533.07242991	5515.06968641	5510.6724537	5516.03917051	5525.14908257	5535.06758305	5547.26689576	5561.40206186	5577.73997709	5596.35051546	5622.19129439	5659.63001145	5706.64146621	5773.62084765	5861.21191294	5955.71821306	6055.94501718
	6847.70790378	6843.65635739	6812.20962199	6764.16494845	6699.69415808	6615.71935853	6507.68957617	6391.55441008	6279.17869416	6182.72394044	6098.10091743	6025.36781609	5966.56878613	5922.05854801	5883.69693396	5842.73789847	5791.92967819	5744.96901073	5696.43824228	5646.3147929	5601.04964539	5560.72397661	5529.67247387	5510.96069364	5507.27502877	5512.07110092	5524.13745704	5535.30469645	5549.49828179	5563.12943872	5583.01603666	5602.49369989	5632.34936999	5671.81901489	5724.20618557	5792.95990836	5886.59564719	5984.89347079	6088.43642612
	6805.01489118	6783.95303551	6737.12943872	6681.29209622	6614.15693013	6533.08591065	6430.49369989	6323.8510882	6222.11683849	6133.42497136	6058.08486239	5992.23765786	5936.16397229	5899.0	5863.57159624	5822.64982374	5778.97995283	5726.09036861	5675.73959572	5630.27132701	5589.7196702	5553.71878646	5522.55516841	5505.7433832	5504.14137931	5511.05383734	5524.13058419	5537.37457045	5553.73768614	5571.47079038	5592.16609393	5616.62084765	5649.78235968	5694.19473081	5749.68728522	5821.85910653	5916.39175258	6015.9209622	6119.49599084
	6761.78808706	6719.62428408	6658.31729668	6591.56357388	6522.42726231	6443.28064147	6347.8465063	6248.21649485	6155.02978236	6074.11798396	6005.69072165	5945.12055109	5896.20574713	5861.43023256	5826.9941452	5788.06620209	5747.01627907	5699.31022327	5650.0556872	5610.08254717	5572.34192037	5537.18604651	5510.98143852	5499.80897583	5499.6353211	5509.81214204	5524.57044674	5540.30584192	5559.06300115	5580.79839633	5605.67583047	5634.79610538	5672.88201604	5722.59908362	5780.51775487	5855.08018328	5948.17182131	6048.58533792	6148.89919817
	6710.60710195	6651.26689576	6573.96907216	6500.53379152	6426.02405498	6347.23367698	6258.68270332	6168.02520046	6082.97823597	6008.40320733	5946.59221077	5887.80045872	5843.15729047	5810.60440835	5775.94289044	5737.95949074	5698.59306358	5658.8062645	5615.07584597	5578.99649123	5546.99882491	5519.39534884	5498.33679354	5489.61882893	5495.14547537	5507.4604811	5525.06758305	5544.49828179	5566.08944954	5591.20160367	5621.41237113	5653.59908362	5698.60137457	5751.64833906	5811.47995418	5887.08934708	5980.96792669	6078.2233677	6170.77434135
	6648.30011455	6572.94387171	6483.12714777	6399.97250859	6324.08476518	6249.77319588	6166.59450172	6083.465063	6005.11111111	5937.99656357	5878.49828179	5823.70642202	5780.15420023	5748.27020785	5716.3041958	5678.39559165	5643.53464203	5607.62427746	5573.53935185	5543.66860465	5518.03157895	5496.12645012	5481.67861272	5477.26467204	5486.93814433	5502.56701031	5524.33562428	5546.87844037	5573.08486239	5602.11798396	5636.05612829	5674.69644903	5721.74455899	5777.50973654	5838.22451317	5913.48339061	6003.41857798	6096.01260023	6179.62657503
	6573.83963345	6481.77777778	6386.23596793	6299.3207331	6222.87514318	6151.64261168	6076.35853379	6000.21191294	5927.03665521	5866.7067583	5812.30469645	5760.56815578	5718.38018433	5687.05937136	5655.07971864	5620.77351916	5586.76558891	5556.91213873	5529.34953704	5504.50753187	5485.20256112	5470.74305556	5461.19377163	5462.19700461	5475.29243119	5495.73654066	5520.70103093	5548.90034364	5579.44215349	5614.62428408	5653.79725086	5697.02061856	5748.43528064	5807.81443299	5868.6231386	5940.96105384	6026.71788991	6110.93814433	6186.44558992
	6481.35967927	6380.96449026	6282.99312715	6194.74914089	6120.49026346	6054.48797251	5986.51660939	5919.20504009	5853.06300115	5796.38831615	5746.22222222	5696.652124	5656.86206897	5624.84167637	5595.17330211	5561.26334107	5530.07612457	5505.09447005	5482.78587963	5463.50694444	5451.10092807	5443.10969977	5440.05767013	5445.33294798	5463.9266055	5488.79037801	5518.38029782	5550.47651775	5587.84077892	5628.75257732	5673.72737686	5722.33562428	5779.20847652	5838.69186712	5898.6002291	5968.27147766	6045.52866972	6120.30504587	6187.36311569
	6379.64375716	6273.51202749	6174.03321879	6087.88659794	6018.36769759	5957.3814433	5895.94616266	5835.9117984	5778.3207331	5727.33218786	5678.61053837	5631.53264605	5591.20274914	5560.38895282	5531.42973287	5501.05433526	5472.8273878	5451.40138408	5434.22029988	5422.30635838	5416.72947977	5415.01152074	5418.06235566	5431.55568312	5453.25458716	5484.06758305	5518.29553265	5554.70790378	5597.15234822	5642.56586483	5691.62886598	5746.9954181	5804.96449026	5865.92783505	5926.26804124	5989.67239404	6061.52691867	6127.01262916	6182.67010309
	6271.53837342	6163.88201604	6066.05269187	5983.87056128	5919.9908362	5864.93241695	5811.73310424	5757.72966781	5706.61282932	5659.44902635	5614.68041237	5569.98969072	5531.54295533	5498.27835052	5470.42201835	5441.22909507	5417.03550974	5398.22247706	5386.95172414	5380.71576525	5382.02301496	5387.50401837	5398.4293915	5417.59450172	5442.26575029	5476.52806415	5515.395189	5557.91752577	5606.33447881	5655.39289805	5710.19014891	5768.81328751	5830.00343643	5891.32531501	5949.02061856	6008.38417431	6072.81443299	6130.05727377	6176.7021764
	6157.03436426	6050.63001145	5957.52806415	5881.54639175	5823.89003436	5775.04352806	5730.15578465	5682.87972509	5638.00687285	5595.47651775	5553.4742268	5511.15922108	5474.32531501	5442.95761741	5415.54931193	5387.34593356	5366.18442153	5350.48911798	5344.95876289	5344.11926606	5349.77892325	5360.79954181	5378.34020619	5403.43298969	5432.69988545	5471.1489118	5514.81672394	5561.35738832	5613.99885452	5668.59564719	5725.7720504	5786.25658648	5850.65063001	5911.64948454	5966.09736541	6020.36998855	6078.05040092	6128.27262314	6167.32989691
	6041.96219931	5940.05956472	5853.86712486	5785.39862543	5732.71134021	5692.63001145	5652.93699885	5611.32875143	5572.50171821	5534.01145475	5494.78579611	5455.16494845	5420.88774341	5390.06071019	5362.73195876	5337.80526919	5319.96334479	5308.65063001	5306.67010309	5309.13172967	5319.82932417	5335.18671249	5358.08705613	5386.534937	5421.93356243	5462.27262314	5510.55097365	5562.66208477	5616.85337915	5675.73195876	5734.94043528	5796.43871707	5858.57388316	5915.90721649	5968.88201604	6018.32531501	6068.26575029	6113.95647194	6149.35051546
	5931.21534937	5835.54524628	5758.65750286	5697.98854525	5651.8419244	5614.80641466	5581.69530355	5546.18785796	5511.33791523	5477.01489118	5439.77548683	5404.29095074	5369.89347079	5341.0652921	5315.80756014	5294.3768614	5278.80985109	5270.6231386	5270.46391753	5276.41122566	5290.52348225	5310.24054983	5336.79725086	5369.92783505	5407.35280641	5451.79725086	5503.07560137	5557.69873998	5616.59106529	5677.1489118	5737.02061856	5797.18213058	5857.23482245	5911.60252005	5956.52233677	6000.55784651	6044.47308133	6085.57044674	6117.34707904
	5825.17296678	5739.10538373	5670.51775487	5618.34822451	5576.93699885	5545.73195876	5517.24398625	5486.97021764	5456.4696449	5424.93928981	5390.37113402	5355.4558992	5324.31844215	5297.80756014	5274.93127148	5256.7021764	5243.24284078	5237.72279496	5238.39633448	5247.98167239	5264.88659794	5287.3069874	5315.88545246	5351.83161512	5392.4558992	5442.11111111	5494.8327606	5552.25229358	5612.8543578	5674.37800687	5734.72394044	5793.06872852	5849.01145475	5898.53150057	5937.8556701	5974.49255441	6013.95761741	6048.43298969	6077.44954128
	5729.0882016	5650.97938144	5591.4604811	5545.45360825	5511.29667812	5482.73654066	5457.56242841	5432.10309278	5405.38029782	5376.80641466	5345.99656357	5314.50973654	5285.00572738	5261.51317297	5240.83390607	5224.56128293	5212.57617411	5208.3814433	5211.63344788	5223.87514318	5242.09507446	5265.36540664	5296.6231386	5335.63459336	5378.48682703	5429.75486827	5485.14547537	5546.85321101	5608.24885321	5667.82588774	5727.67583047	5783.85452463	5834.44329897	5877.82016037	5910.65063001	5941.62428408	5974.93127148	6005.3024055	6035.08934708
	5642.18785796	5572.6930126	5520.18785796	5479.34020619	5449.94501718	5424.3115693	5402.82932417	5381.9209622	5358.01030928	5332.88888889	5304.42382589	5276.05727377	5250.98396334	5228.74112257	5210.75486827	5196.28178694	5186.38258877	5184.06643757	5188.54295533	5202.20160367	5222.56357388	5248.05727377	5281.05841924	5322.15234822	5366.61626575	5418.8419244	5478.56128293	5538.58991982	5600.60710195	5659.77548683	5717.12600229	5768.10996564	5812.39404353	5848.82245132	5876.97938144	5900.5395189	5928.74914089	5958.73310424	5987.24284078
	5565.38029782	5503.61282932	5457.12371134	5419.41924399	5392.395189	5369.89461627	5351.82359679	5332.57961054	5311.97594502	5289.98396334	5266.11683849	5241.25429553	5218.83963345	5199.47880871	5184.55441008	5172.6185567	5163.89003436	5162.25085911	5169.68499427	5183.03207331	5205.23482245	5232.23482245	5267.67239404	5309.32989691	5353.9163803	5408.21534937	5467.17754868	5528.15922108	5588.05154639	5643.58190149	5695.29553265	5743.70790378	5781.604811	5811.61053837	5834.94959908	5853.79266896	5876.63802978	5903.08018328	5932.71706758
	5501.0744559	5442.00343643	5399.32416953	5366.26804124	5339.26804124	5318.71935853	5302.6185567	5286.07674685	5266.78808706	5249.95189003	5229.54639175	5209.3024055	5188.87743414	5173.57502864	5161.41924399	5151.21305842	5144.6093929	5144.48682703	5152.65750286	5168.84765178	5192.14318442	5220.03092784	5254.26575029	5296.85223368	5343.38258877	5395.30011455	5452.81672394	5513.99427262	5570.6838488	5622.58075601	5670.61970218	5713.64833906	5745.71935853	5770.15120275	5787.19014891	5801.79037801	5822.10309278	5846.24971363	5873.74914089
	5440.93241695	5387.62084765	5348.78694158	5315.73195876	5288.30126002	5270.62657503	5255.15005727	5240.37457045	5225.34135166	5211.1626575	5194.8510882	5177.93699885	5162.44902635	5150.28407789	5139.87170676	5132.50286369	5128.03665521	5129.30355097	5139.39289805	5156.65063001	5178.78235968	5206.51431844	5242.01260023	5282.5486827	5327.69186712	5380.20618557	5435.69988545	5492.71821306	5546.49713631	5595.04123711	5638.36655212	5677.06643757	5704.95990836	5726.32187858	5737.77548683	5749.90950745	5767.0790378	5785.94272623	5813.15693013
	5387.8419244	5338.22107675	5300.66093929	5268.99198167	5243.42382589	5226.02061856	5211.92439863	5198.94501718	5187.49140893	5176.06071019	5163.42268041	5149.95418099	5138.72852234	5129.30355097	5122.5441008	5118.36311569	5113.95303551	5118.40778923	5129.76632302	5145.27491409	5168.45933562	5195.70446735	5228.9209622	5269.12142039	5312.20618557	5361.15693013	5413.52462772	5467.86368843	5519.3860252	5564.35853379	5606.00343643	5640.17411226	5663.47651775	5679.98396334	5691.44215349	5699.75486827	5712.28522337	5730.93699885	5756.43757159
	5340.71019473	5293.68155785	5256.51088202	5225.70446735	5199.9255441	5182.76059565	5171.13745704	5161.34593356	5151.86712486	5143.86827033	5136.08132875	5127.08132875	5119.40206186	5112.14776632	5109.6975945	5106.82703322	5106.03207331	5111.45819015	5123.16380298	5138.87743414	5160.9255441	5187.27720504	5219.15120275	5256.48109966	5296.75028637	5343.86712486	5393.10652921	5443.92545872	5492.08018328	5535.77090493	5572.89003436	5603.80297824	5625.30011455	5640.56128293	5649.37113402	5654.33906071	5665.71248568	5681.25429553	5703.84994273
	5299.12600229	5252.38831615	5216.42611684	5186.89919817	5161.02405498	5144.85796105	5134.43413517	5127.42038946	5119.82817869	5116.27720504	5112.10309278	5107.35967927	5102.14318442	5100.04581901	5098.79725086	5099.54753723	5102.27262314	5107.95647194	5120.3069874	5136.4558992	5157.97823597	5182.11340206	5212.15693013	5247.87743414	5285.25658648	5327.16380298	5374.395189	5420.80504587	5465.53501722	5506.58419244	5540.82130584	5568.98969072	5589.03436426	5600.42611684	5608.97365407	5613.21764032	5621.29667812	5636.20733104	5657.70561283
	5261.0790378	5216.70790378	5181.28178694	5150.69644903	5127.04467354	5110.55555556	5102.42038946	5097.54753723	5094.06300115	5093.58419244	5094.04123711	5091.09965636	5089.86483391	5091.19358534	5092.1443299	5097.6231386	5102.35051546	5109.51202749	5122.58877434	5138.42038946	5158.34135166	5181.74455899	5208.86712486	5241.43642612	5275.53264605	5313.56357388	5353.96334479	5398.68197474	5440.2043628	5477.97479954	5509.17411226	5534.92668958	5551.62084765	5564.6093929	5569.51088202	5574.78465063	5581.21534937	5593.43413517	5614.71019473
	5232.09163803	5188.75715922	5153.40206186	5124.40664376	5099.59106529	5085.44788087	5077.79152348	5075.11798396	5074.07789233	5076.57388316	5077.88316151	5080.01947308	5081.82932417	5085.18213058	5090.89805269	5098.27491409	5105.02405498	5114.30011455	5127.65292096	5143.49255441	5162.07101947	5183.27949599	5207.92783505	5235.95876289	5265.56586483	5301.19816724	5339.90378007	5377.88390805	5415.47706422	5451.11454754	5479.45933562	5504.66781214	5520.98052692	5532.07789233	5538.39633448	5541.64375716	5548.35395189	5557.82474227	5576.6231386
	5210.31042383	5167.91752577	5133.9255441	5103.77319588	5080.64146621	5066.93127148	5060.01260023	5057.57502864	5059.56586483	5063.87170676	5067.48568156	5071.70790378	5076.94272623	5083.6277205	5092.16494845	5102.25429553	5110.84994273	5121.2416953	5135.58648339	5151.92210767	5168.89117984	5187.02520046	5209.28865979	5233.29896907	5259.12829324	5289.6185567	5322.79770115	5358.39265212	5394.0836197	5424.99885452	5453.52806415	5476.3115693	5491.63001145	5502.47308133	5509.06872852	5512.18785796	5517.73883162	5528.19473081	5544.76975945
	5195.31500573	5155.33562428	5121.82932417	5093.60137457	5070.21764032	5056.26231386	5049.03207331	5048.13287514	5051.71363116	5058.11912944	5063.62542955	5070.56471936	5078.04238259	5087.16151203	5098.59564719	5110.68270332	5120.2978236	5131.53150057	5145.67124857	5161.26689576	5176.51431844	5191.89003436	5209.43986254	5229.84077892	5251.69072165	5278.12485682	5309.18556701	5340.36884307	5373.22565865	5403.3814433	5429.38373425	5451.70332188	5466.73883162	5478.01030928	5485.08018328	5487.9862543	5493.57502864	5503.03780069	5519.1626575
	5191.94272623	5153.05841924	5120.54066438	5093.53264605	5070.45246277	5058.19473081	5049.73768614	5050.16036655	5053.37800687	5061.94272623	5072.43413517	5081.73195876	5091.19129439	5103.34249714	5115.41695304	5128.58991982	5137.78694158	5149.27949599	5162.48109966	5175.5303551	5187.08591065	5198.62657503	5212.18213058	5228.94501718	5247.29438717	5270.59564719	5296.8510882	5324.41924399	5355.12027491	5382.90034364	5410.68041237	5431.13745704	5445.79839633	5457.80985109	5464.97250859	5469.45475372	5473.99770905	5484.79037801	5499.43986254
	5203.53379152	5166.16609393	5134.79152348	5106.20045819	5084.74570447	5071.07674685	5064.64604811	5062.87628866	5064.72737686	5072.58190149	5085.069874	5098.85223368	5113.03436426	5126.05040092	5140.37571592	5153.13745704	5163.12256586	5172.0045819	5181.17182131	5188.83505155	5196.78808706	5203.12256586	5212.15120275	5224.67239404	5237.82245132	5257.15693013	5279.94616266	5307.49484536	5334.35967927	5362.30011455	5387.24856816	5408.16151203	5424.24856816	5436.41466208	5444.87514318	5447.02176403	5454.55784651	5465.28636884	5482.07789233
	5255.1580756	5216.93356243	5181.36197022	5148.58762887	5122.68270332	5102.94616266	5091.24398625	5087.90836197	5087.94730813	5093.05383734	5101.71821306	5112.6093929	5126.13516609	5140.74112257	5156.13516609	5170.57961054	5180.77892325	5188.90836197	5196.2187858	5204.70561283	5208.79381443	5212.81901489	5218.27033219	5226.26345934	5236.66208477	5252.16151203	5272.16838488	5294.74799542	5320.17182131	5346.04123711	5370.7583047	5391.71019473	5407.00572738	5419.36884307	5427.6185567	5431.23367698	5439.40435281	5449.72050401	5467.71592211
	5326.72852234	5283.95303551	5244.62886598	5206.90263459	5176.38831615	5152.94387171	5135.24742268	5125.91523482	5125.04696449	5131.20847652	5138.71134021	5150.47537228	5165.48682703	5181.28865979	5197.76403207	5211.50744559	5223.74570447	5234.06185567	5241.65406644	5247.2371134	5250.31500573	5252.17182131	5254.50171821	5261.97250859	5268.10194731	5281.77777778	5299.44558992	5319.33562428	5341.860252	5367.18900344	5390.44788087	5410.76975945	5424.9908362	5438.89232532	5445.65406644	5449.82130584	5456.92210767	5469.09507446	5484.86712486
