	1244.43577183	1263.70827824	1291.86975842	1276.71325918	1259.91285066	1198.21737889	1175.84896332	1158.46120521	1173.28366697	1138.54580386	1224.76524468	1132.55278402	1164.53599214	1155.38796766	1124.76721217	1086.44780943	1070.85554297	1122.48886506	1191.97188747	1185.97598143	1200.06033202	1223.07781126	1302.67808069	1494.32047209	1498.62458734	1518.80685589	1474.46426886	1494.96113332	1469.80736247	1458.71448017	1448.11278077	1515.82927793	1614.41767451	1670.3060049	1888.2328563	1781.05564282	1951.6277471	1949.86622827	1780.02011808
	1249.86933827	1311.31198818	1308.66389173	1277.60828196	1256.56928085	1168.31309276	1167.03205807	1223.90827135	1254.97512134	1289.15151037	1280.34067015	1218.79737267	1307.34935279	1262.05543262	1186.00314903	1091.18048862	1071.63903094	1084.97806419	1118.8353558	1168.25480758	1120.66997008	1156.01742519	1369.18813223	1465.37958181	1495.20378454	1474.43707458	1514.68814006	1573.10346373	1499.1515448	1600.55402642	1637.29957778	1670.38857335	1903.99069459	1900.09197983	1895.34012713	1888.91443933	2046.93280006	2072.38776226	2049.12664092
	1263.35568342	1316.6395075	1313.16251404	1285.96855269	1236.03895849	1162.11205858	1157.89174553	1211.43898837	1282.66882058	1352.16111237	1356.85729099	1381.06579733	1336.71965268	1346.98654902	1269.81344054	1094.21514327	1032.04139422	1054.17652007	1057.3162664	1080.09813341	1085.57999076	1100.94958838	1298.86054715	1426.81424195	1525.39826815	1469.15178871	1548.73928806	1532.35570934	1600.47889407	1712.60224173	1749.90231796	1769.27369039	1899.96499795	2148.18903295	1941.66842657	1914.84968155	1891.32370829	1975.53160497	1648.36357745
	1275.7162909	1303.99863969	1316.82317503	1267.26318856	1224.76632147	1231.63899247	1227.53570594	1311.11261563	1302.07101508	1331.84957805	1374.83650767	1382.87487011	1362.75906985	1386.37144832	1326.96044794	1205.53223921	1039.1227894	1100.08699124	1055.84833447	1044.8915226	1063.59476176	1111.26554952	1288.41170348	1408.4093128	1573.99963413	1483.08325149	1516.92156721	1563.55694694	1684.82309334	1776.65857315	1879.52634015	1900.40290868	2054.11625729	2298.49314177	2267.89884849	2152.9725805	2052.25625008	2484.92976768	1763.51159984
	1253.05251804	1331.58206412	1342.62800999	1309.74449256	1294.35314966	1240.97120582	1277.1618892	1321.70846244	1355.82374493	1483.7460643	1563.40073741	1568.02901116	1569.65718135	1569.80661152	1435.43341334	1331.74650083	1244.43458106	1296.1146568	1134.47852587	1113.31816168	1067.32281213	1079.06062874	1255.60493306	1384.30104141	1567.55602438	1540.00123961	1521.55220899	1618.82368103	1804.81865981	1982.73373937	2080.26908928	1863.27236116	2328.9170574	2407.62287227	2441.16318923	2147.37850883	2029.99724116	2349.87912472	1778.37796882
	1229.40400463	1317.1902477	1325.66892361	1297.65890727	1275.1244727	1288.97842509	1274.9910648	1409.43370869	1450.92231453	1483.72281304	1564.92488648	1613.46736643	1665.29426542	1597.44680838	1686.37749317	1592.02850129	1435.04333186	1339.39458467	1343.80504864	1185.65701	1085.52107719	1105.81522101	1278.31919791	1376.22631209	1580.08403496	1745.61449538	1627.52755022	1676.64870989	1855.25869897	2090.89241416	2126.27245237	1993.26390316	2235.99619513	2240.9255775	2162.73310605	1967.4189355	1979.66078602	2508.15225663	1889.12147289
	1246.4720708	1280.61449858	1405.75061057	1373.58050519	1342.79632499	1393.33178389	1373.97072903	1348.02405628	1498.79682456	1499.55191562	1507.39449389	1628.90033473	1738.31113682	1865.90854961	1775.88834762	1622.49478119	1411.10016701	1298.40265134	1428.53918491	1325.01295763	1261.49679904	1291.44944974	1359.12032148	1367.97918879	1579.42652411	1710.27857447	1870.32330554	1883.79185172	1991.84255964	2190.11943909	2367.19682454	2238.07889897	2322.76576046	2324.9150367	2069.02639111	2181.09245446	2453.85086346	2799.3021209	2381.30914223
	1218.84423164	1379.08789906	1432.0557865	1398.77682798	1415.19772238	1378.28354043	1444.19209809	1452.70619025	1488.40798189	1657.21416751	1628.82368532	1767.6598489	1823.6109104	1873.85980257	1833.683376	1660.68105643	1404.56511375	1262.60794428	1358.83694587	1341.95766269	1223.80058858	1297.01843391	1287.24318382	1408.9148383	1535.24706697	1702.98157803	2004.39387495	2083.9050419	2036.17170725	2309.89547147	2389.00827611	2600.27661865	2090.64919926	2251.35614788	2505.03820883	2782.29380575	2882.73281947	2425.24447104	2801.19577218
	1314.03928949	1386.61934146	1385.29143332	1417.15821703	1399.61949084	1462.75954999	1450.61473958	1530.50075288	1555.13126813	1727.38798968	1669.17098398	1741.9928803	1828.61840693	1860.43828329	1735.41809203	1651.66787838	1444.82521504	1408.56224908	1282.37942563	1279.02083142	1259.40298272	1295.46635911	1342.54855641	1333.02235338	1317.36152598	1459.74804268	1979.20987887	1847.02975074	1814.87717773	2282.88914943	1936.1128605	2178.90117046	2277.11013897	2163.02957872	2795.61855269	2975.99382621	2807.07836409	2008.0719994	2243.18711832
	1322.27316291	1339.78418917	1356.10835939	1398.27559739	1400.35456011	1430.35392288	1491.29517145	1600.07467599	1733.48356089	1754.50708136	1671.61183773	1827.21683671	1824.17052992	1819.1228569	1754.66002536	1713.97587451	1538.95758814	1458.96041118	1316.97414087	1266.5947529	1242.5160579	1144.52233937	1312.77865838	1339.19961009	1361.84605046	1410.78165178	1575.38500451	1714.61035029	1911.46961399	2184.69139075	1977.87586471	1842.72826113	1698.4460151	1629.79493379	2727.64369576	3133.50265553	3039.98168989	2203.35841537	2690.37249127
	1434.12855094	1410.9846547	1347.27123904	1438.06091673	1436.40996256	1464.45232783	1544.52635103	1613.70594055	1707.62689848	1789.50633641	1757.21327071	1832.310997	1799.71821766	1783.82312003	1744.62600586	1654.84335161	1525.30798176	1530.9477807	1439.97396351	1438.10034494	1241.66162044	1232.12109041	1307.95369244	1304.12368903	1407.73610505	1377.16730916	1409.34830629	1851.52392069	2145.74397618	2169.63205134	2155.30515877	1801.88827955	1379.19359189	1736.43299522	2587.53080159	3135.3148536	3134.59595628	3156.09861926	3145.60742712
	1534.44101077	1521.38442457	1460.61622334	1460.52195646	1443.04337864	1476.71992841	1502.56441276	1585.17436011	1702.05453442	1736.11311516	1840.01683441	1811.68376781	1720.78630611	1734.2175038	1696.77943595	1638.1212786	1532.4037103	1482.78503748	1480.47943659	1478.83933441	1323.02312303	1256.39209767	1332.60140069	1428.70467776	1354.11851272	1340.10928058	1735.43600372	2136.52890067	2151.07419989	2105.5532933	2314.22425903	2172.62805836	1346.21272195	1326.65638204	2514.86682487	3019.53136509	3151.86806526	3193.7681458	3093.55813736
	1641.44332593	1608.7459636	1620.41606215	1543.42581439	1447.20364319	1481.39649513	1477.67023694	1564.33098327	1694.59534265	1852.13965143	1770.0400851	1775.71415858	1764.39736877	1707.92704033	1685.26037121	1627.94449258	1502.34878093	1440.44727698	1472.62918101	1514.73298778	1437.79812393	1233.04803151	1344.85143691	1388.10628833	1318.67508615	1330.51967488	2241.6638864	2503.65765603	2208.38147032	2141.30553878	2339.28604249	2104.38435493	1193.25082865	2048.43163807	2764.77461838	2996.20075539	3207.98548692	3201.42201083	3114.33123303
	1615.06876191	1625.71412009	1629.5902033	1475.67197987	1504.49521679	1441.30342546	1466.77751327	1479.90396554	1461.81852172	1517.8886064	1410.55373204	1657.73726056	1654.29523514	1643.95542861	1634.87784116	1488.28275628	1437.81525824	1306.61131976	1378.59879243	1413.65875958	1407.6981015	1362.46502143	1300.93170675	1321.46750162	1183.77506417	1407.86522832	2531.64339402	2888.04033793	2301.1699387	2674.86792097	2993.31831073	2555.72997714	2530.74271658	2567.64529927	2834.65483268	3129.8700012	3150.67850905	3185.35525582	3071.7871821
	1794.50542862	1744.42808678	1727.55606968	1575.41557616	1538.94190666	1452.82855043	1495.66907874	1456.27079299	1532.91525248	1578.76339132	1671.8551592	1797.11389444	1797.250348	1720.86642333	1662.98097861	1633.6665613	1456.04373511	1263.84271005	1389.67290881	1393.00867583	1341.48917489	1467.83429162	1454.48224153	1333.11217364	1134.53287447	1551.24077952	3359.38862702	3545.1626299	3127.37607061	3222.98400397	3260.4761817	3172.65438569	2915.83666727	2940.69751777	3050.93568258	3140.5675769	3134.99933217	3191.78649992	3154.92049112
	1827.62427781	1781.27176556	1791.04082816	1566.49683255	1484.5473689	1413.63464722	1500.71844064	1436.91530241	1411.97179925	1496.10229677	1556.37799057	1765.37185746	1797.83485518	1747.81468159	1695.7606907	1631.78982567	1363.48039377	1152.72814449	1276.40459494	1366.56288059	1151.95929011	1327.07188832	1405.36902332	1357.1406762	1337.5204973	1565.14847526	2670.15707984	2985.34548153	3233.03277104	3191.10065132	3216.08428507	3208.68632539	3134.79165943	3114.1571195	3060.79851942	3105.28799523	3055.74327228	3122.40849215	3076.01552001
	1801.87639045	1766.55513078	1758.13471055	1635.15497732	1473.60520137	1435.03656239	1431.31384586	1359.73665788	1371.87477973	1328.54696608	1423.14515464	1612.71144709	1714.0914167	1732.29308233	1714.19639787	1665.70965039	1435.27009403	1231.93847573	1308.47940622	1309.94473582	1134.50569514	944.509602548	1187.04990528	1323.44578174	1260.52696076	1552.40429912	2402.08684189	2903.88991563	3045.19139619	3124.70390911	3113.20494656	3140.81923564	3104.35246587	3067.32752282	2953.78861481	2972.75887599	2989.21231157	2929.4370751	2821.0691339
	1782.94325817	1768.32715673	1675.29640707	1594.68591454	1410.64038231	1399.24223382	1366.77463488	1317.87120225	1311.33052677	1250.06850545	1313.2689182	1393.89398493	1598.3087235	1618.41090959	1580.08666085	1579.77632624	1519.8483961	1305.05219807	1428.86267108	1251.92033734	1075.11250709	935.287317909	1046.83153932	1412.8917908	1786.45663166	1688.92622217	2312.21158694	2623.16455886	2642.4818086	2861.82138739	2972.49615705	3060.31250218	3002.54143061	2791.28761008	2700.77364953	2665.76360132	2689.40675168	2649.75115599	2689.21671193
	1714.07249252	1718.07208358	1647.26599255	1508.3413563	1319.88361894	1360.71992001	1265.11036292	1205.3847111	1159.67770039	1141.19575645	1187.46329261	1222.22830404	1425.65158377	1510.85692803	1539.29145352	1528.23790351	1493.69994046	1369.63165797	1412.21567715	1284.86681723	1074.51787374	1053.92975976	1103.50293553	1309.35486389	1569.87055802	1941.76269338	2388.60237831	2415.52799851	2503.43888408	2639.70825684	2813.42271751	2920.92475941	2689.75150442	2485.78274199	2434.34674882	2338.40648074	2441.59496056	2429.27269207	2498.24730667
	1538.27525155	1470.11343371	1483.65963539	1367.85684605	1305.15764062	1217.31867104	1153.90195371	1185.99407688	1110.72020144	1067.82315412	1043.21247279	1073.10260738	1171.82830376	1327.66604761	1363.44427784	1445.94114953	1407.41034744	1396.07210903	1391.19490114	1348.47917092	1113.33546934	1154.30010917	1246.33529724	1244.75391754	1445.73574342	1576.53436259	2221.90569357	2416.22891839	2422.22795667	2535.85210321	2610.57147682	2620.72801049	2374.31214395	2024.044125	1991.30759457	2031.72992025	2207.18882379	2224.14848919	2129.06481784
	1381.36368006	1340.19532151	1329.46653048	1235.77049502	1190.4141685	1160.37599497	1111.75506142	1035.40009198	1039.04166849	1049.89327554	958.652774175	1054.18103795	1070.43177679	1052.75276475	1183.46087137	1328.88341961	1320.17926657	1317.05127772	1324.34481089	1282.80053925	1213.14896602	1257.05983899	1312.51542333	1198.50702201	1250.6776095	1333.23690256	2014.3794618	2304.06233147	2438.44533197	2446.0949017	2473.8699166	2226.76492276	2176.51168241	1932.81081447	1790.05047814	1798.70300618	1848.22068189	1830.85602041	1679.54053594
	1190.42844793	1218.01531924	1192.8369922	1179.89136189	1177.35094793	1148.46915758	1103.91400565	1009.07938923	1020.02621049	947.570934455	909.942027989	960.754210328	907.08532118	905.337877326	941.850489461	1078.53570878	1114.5447077	1117.00128933	1249.13938818	1208.05986466	1186.45151818	1222.27568684	1176.05258547	1063.53081067	1113.45930057	1070.7421987	1745.41179758	2252.95594643	2321.39621647	2248.94915973	2151.35831292	1969.08649728	1913.06032462	1764.1991068	1579.01293523	1635.67514639	1603.12753083	1351.58416895	1279.40091727
	1207.84502087	1157.34245059	1136.55094459	1099.37725058	1070.83500758	1039.24496726	993.040898395	944.853368757	921.327156405	888.826947001	872.711295267	860.6994674	862.128130411	853.993379081	848.309540621	943.72759081	945.745581353	1044.72673167	1181.52286812	1190.12765759	1167.24235205	1180.58147005	1166.11078813	1057.14195107	1059.19714455	936.966386448	1274.75256439	1674.04267551	1811.89875025	1921.90411567	1895.05009416	1738.24070183	1568.54235353	1431.13058347	1228.78078524	1278.61209717	1222.18759868	968.302629865	1008.24254858
	1101.52746206	1056.65245289	1043.05031446	1027.74853101	1011.30312841	981.487441741	962.077261189	921.305089409	891.804525089	887.369386903	862.334057528	839.027596447	853.452481267	859.265281444	848.395322689	840.302206249	916.792485473	917.800232266	1079.74200379	1173.38466344	1187.25004138	1146.37923602	1156.27549876	1068.82866362	1039.79283384	938.56843161	987.430906903	1086.81125547	1134.56797484	1356.82057021	1473.10078507	1404.25591007	1349.65514476	1255.95794616	897.720389866	1005.55216377	971.247997258	873.382772285	858.973712444
	1031.13829697	1013.0793701	999.887167567	976.874269704	957.696989377	938.977659609	933.51299195	907.269243276	892.333951741	847.295039609	829.888762273	817.794543548	838.037262117	844.076650498	836.313271613	854.815894425	861.628476297	886.8846011	948.045802747	962.768596319	1008.75283837	1108.11449713	1019.77211105	1046.16603475	998.273205401	957.52374386	956.41268737	998.798568961	981.264812658	1073.37468118	1101.71428493	961.880230312	1047.03307136	920.953465941	903.463952821	880.645506325	740.374376438	719.703685896	793.350260478
	964.108725322	958.996790841	944.480849909	930.595278614	919.43120984	891.540683079	877.17150553	880.112218556	866.509497238	820.393369491	806.017550189	802.819129258	811.801912417	818.969224049	814.873702239	839.017866565	864.773325828	895.103175928	897.872661498	917.732364786	917.701765695	926.185358912	928.444408736	998.791851363	991.534557027	951.346145658	931.054893699	959.665919033	922.092543244	898.634601852	842.900341766	807.374512254	766.914836592	752.509488658	824.448040436	806.757960658	739.452777257	726.651123233	727.97694058
	898.531415992	890.284023874	865.530033543	856.561617048	853.510415453	847.336613538	848.045544963	844.620285454	833.713297848	804.372077051	768.335585159	754.268763269	763.768219991	779.348458718	789.620211992	813.425876466	847.258467715	877.654715381	904.513717272	912.66341235	917.83845104	915.924546947	933.781807567	944.176816019	941.373013627	925.044768195	915.33923606	915.737551494	892.748063085	886.045446169	857.843395248	779.39749875	741.772371114	733.504032701	757.168748633	757.925475117	779.614927647	769.950941979	694.348767787
	836.355776767	832.561374756	815.515360352	813.224170617	810.355770274	818.210541276	823.015143666	810.169594436	780.577049399	743.849466433	724.208741549	713.688370236	716.78984109	728.581302882	755.087687697	774.468076246	818.504473427	853.823360646	882.00897514	892.836997591	897.667504109	900.557847454	916.893169258	920.481628896	923.110010168	932.186445281	887.527308129	882.785223441	883.70179842	857.340326115	825.246438897	791.132388405	741.712057124	744.369761013	775.218575749	778.558955641	808.162167447	748.72363513	683.367371754
	758.152795109	772.38156564	775.088319906	760.67924085	771.70476744	766.830407053	756.076498042	738.15898596	708.923710976	679.98592239	660.35487706	650.644445502	665.665261947	684.778041023	708.347098024	734.171286205	776.045746934	815.085045406	848.128535505	857.051299953	872.076552394	866.571873333	869.420171328	873.335082788	889.755673195	900.483284591	878.485801531	881.058918751	895.633314649	875.119804034	800.138201763	787.74425306	795.540869321	798.10029358	822.408548766	823.777214124	836.255571215	729.387643792	631.899290919
	692.704396326	698.109191293	706.845576213	708.205013559	700.426240294	684.237731745	676.936936064	641.384294106	615.270652028	596.762571815	582.93084845	583.228436699	594.326484054	613.12099912	642.746620194	687.447961938	728.21017413	770.189266101	805.179377648	826.310819756	833.328854725	826.868768005	827.472097314	835.984779214	849.88048686	864.411440249	854.802305126	865.796196777	884.994609104	890.7019132	843.638824878	813.824534701	807.000301729	823.224877922	839.357832859	874.268734013	795.054441553	691.982429918	589.233092335
	622.978480331	621.031041365	629.554646298	621.033908749	620.716655603	607.014897408	580.236781241	552.361852074	534.637578896	517.263904211	506.14461883	507.58339286	529.328001034	555.562651034	590.367041732	629.929481168	675.069005775	720.885641909	743.616525214	768.789334911	774.650750664	774.080753895	772.660103409	780.294987425	797.162778208	817.505823872	869.750982064	879.566491264	890.52006527	953.43148751	932.608107533	887.551636086	844.44526723	859.238362662	875.488274705	886.893420836	799.324450531	699.10870543	598.852542856
