8493.239659    956.286635    
7749.603696    691.533200    
8347.234604    790.447453    
8698.633700    1223.715320    
8886.450820    1193.949593    
8227.852090    2610.593695    
8021.572347    973.131304    
9078.925473    842.365452    
8847.247046    906.575674    
7857.622472    1210.997267    
8501.623829    1166.502406    
8709.767396    1081.492336    
7772.772487    1426.736045    
8290.678049    799.978886    
8221.687366    1204.216771    
7774.369748    1078.944519    
9065.039642    835.682599    
8673.109541    1008.209345    
8511.245033    497.672855    
8732.466411    1050.673824    
8205.507497    1179.897022    
9423.712644    579.917808    
7648.498141    1047.188637    
9004.769890    877.594066    
8934.760312    861.117268    
8463.661856    1122.728645    
8811.348022    734.785248    
8382.251101    828.256110    
7823.863291    1018.754320    
8231.199667    1089.039087    
8759.543860    1110.562246    
8007.827027    907.507071    
8531.055556    1365.215459    
7755.109344    1269.980006    
8207.065728    1811.540036    
8321.263473    932.572613    
8512.480427    1055.432471    
8545.216971    1025.262803    
8898.426295    1096.225616    
8880.044248    973.242227    
8602.318449    1229.998192    
8597.216895    1309.427276    
8857.508850    975.598518    
7951.789091    1113.561536    
8087.042042    1523.095025    
6722.157895    2618.940346    
4268.018767    3243.440211    
8585.298969    788.911250    
8384.430894    886.580423    
7790.086888    930.373967    
8648.663480    729.718289    
7903.900098    1053.183218    
8112.594086    935.253725    
9028.835150    1014.581952    
9006.776786    764.997340    
6186.024615    2995.728602    
8391.300207    1781.808729    
7218.297125    1148.587961    
8549.601367    757.232973    
7739.616016    1529.090584    
6652.855643    2642.548872    
8117.399061    886.500857    
8907.573746    807.850235    
8540.708758    1560.337378    
8925.630123    940.464884    
7663.677419    514.003640    
8232.270186    998.950617    
7988.299443    852.196322    
8226.469231    987.907402    
8911.758454    845.528667    
9078.641860    1524.935725    
7593.629156    1563.490838    
6354.698529    3025.903251    
6180.415385    2754.885600    
6388.095109    3165.656259    
8401.447552    800.133260    
8759.891486    987.241052    
8526.191651    804.416004    
8491.389145    1022.753003    
8776.252465    763.750106    
8479.695738    792.827250    
8057.825646    855.742189    
8864.822526    959.221833    
8902.546980    1108.219025    
8932.415193    1130.288948    
9137.761468    1001.574516    
8734.289157    1107.441586    
8119.756972    2454.314122    
8109.359712    1478.678678    
8853.531579    1135.891209    
8612.880420    1336.076134    
8739.781290    897.948417    
8345.799283    896.665449    
7037.208955    2771.599252    
7826.933884    606.606449    
8572.786492    1132.292766    
8651.196653    714.397859    
8871.957447    878.640384    
5358.581731    3749.222168    
9103.361702    509.440693    
9301.202532    352.731812    
8616.142433    832.438036    
7540.146093    958.321440    
8812.647739    796.837207    
7412.638298    700.800050    
8337.352047    1095.275867    
9134.775210    871.088094    
7891.378995    830.669493    
8798.944934    1070.328530    
8429.628638    639.328069    
8701.072327    759.264707    
8673.304233    1448.834307    
9072.272472    1135.249377    
8528.418848    1194.141680    
8771.015353    829.107950    
7023.458385    846.447498    
8567.625488    1185.603322    
7889.994801    1147.624345    
8714.683794    1529.982672    
8567.686684    1087.931412    
9006.781395    1086.592696    
8870.971125    1115.277070    
8089.242457    1266.049504    
8037.425714    949.413182    
7997.571429    810.452319    
7969.328794    839.481971    
8167.014905    938.383372    
8520.051335    910.831244    
8772.259414    641.589996    
8781.072670    879.074413    
8957.358537    1261.186593    
9516.110915    1310.801126    
8388.713396    1042.732874    
8366.263780    1154.219009    
8179.481715    1983.868085    
7292.562074    1240.644741    
8761.000000    1010.212051    
8397.379104    737.920687    
8027.683721    1200.850581    
8511.240000    1095.073081    
8265.407982    863.099536    
7632.897541    1287.025533    
8257.109091    1149.960010    
8431.848606    1798.038662    
8663.927711    1630.594942    
7462.687050    1824.646913    
8278.428977    1150.406256    
7103.092045    889.701187    
6741.579457    747.478109    
7583.048753    823.548291    
7240.091379    691.453173    
7449.947218    741.016094    
7888.316456    1052.180343    
8570.041924    1331.941440    
9418.359477    1304.218884    
8287.453390    1257.043821    
8409.974612    1332.543652    
9056.149682    939.965354    
9064.517434    1095.772879    
8564.643585    1446.628887    
8771.012857    1296.401159    
7819.220588    1593.963242    
8352.658708    1231.599799    
8410.198520    1183.437782    
8771.454545    1167.854019    
8333.144928    982.607362    
7231.704805    626.268954    
8574.078947    1014.025285    
8905.879699    1564.266751    
8352.112782    845.986820    
8289.020000    1118.052323    
8757.754875    1513.488229    
8934.524809    1237.259848    
7978.067416    567.427643    
8666.237316    1372.520669    
8825.703457    1263.791028    
8023.926471    883.678649    
8710.581457    838.897656    
8691.018041    1126.856468    
8796.109312    1321.600105    
8440.694257    1148.013388    
9127.118758    1031.375745    
9174.511144    910.687806    
8789.690608    952.178903    
9262.005420    887.427331    
8856.327239    1405.371643    
8570.290249    900.299062    
8564.204969    1267.617338    
9009.815126    1260.652899    
8563.652015    659.023159    
8794.151715    703.688339    
9424.442257    958.736536    
9428.448938    854.534023    
8664.085752    790.897014    
8799.263953    629.799443    
8464.451807    1567.417597    
8784.438875    871.369464    
8318.359606    1149.060856    
7219.077170    1596.852739    
5815.383281    1783.178489    
8862.923930    2059.538053    
8390.204334    1983.181076    
7775.193948    637.285511    
8196.288660    1240.693820    
8093.751434    1106.853603    
9055.490683    1023.487098    
8151.393873    2351.503430    
8796.266811    863.661215    
8867.725389    559.737191    
8591.131004    855.303865    
7426.021563    589.821326    
8116.429919    627.584955    
8169.568603    667.827271    
8432.190252    750.923429    
7909.185816    1351.120227    
7615.943704    1575.547415    
7669.837307    1385.752892    
7391.200000    1822.702853    
8144.278716    1437.008201    
7377.867368    2839.162847    
5765.746795    3229.135788    
8009.280702    2760.414208    
8768.134571    1535.756435    
7482.010989    2357.575896    
7208.775047    2102.949453    
8162.187500    1026.355448    
8244.983250    996.258140    
9067.078431    1507.216905    
9485.391039    638.706481    
8734.636476    661.898048    
9512.308176    753.915644    
9226.526245    882.784198    
8371.727987    637.308713    
8171.075758    940.815715    
9285.502994    289.393292    
6533.278008    3310.770628    
6017.630872    3375.654352    
8378.159923    906.962250    
8249.298387    1683.211154    
7500.275076    1210.812479    
7430.976378    1525.994596    
9077.951705    1161.391455    
8122.954006    2681.013695    
7412.468795    1655.791226    
7689.524465    1501.484129    
5894.420596    3078.391515    
8257.061321    1866.784776    
6929.470508    3247.300158    
7026.601050    2774.460729    
8799.662971    2501.482895    
8218.801418    2689.500362    
7055.272340    2132.921284    
6803.010084    2663.776634    
6725.251953    2734.790241    
7820.637795    2379.650345    
7885.918630    969.684033    
8515.771784    943.056047    
8721.144050    835.772718    
7979.243548    1076.519141    
8015.650000    1985.904948    
7999.577558    2022.933414    
8893.549451    773.002304    
8199.004049    2268.382708    
9057.202830    1612.083391    
8315.961207    2439.926886    
7867.264755    2113.446579    
6107.123711    3266.222479    
6778.759055    2285.698056    
6164.919877    2441.453953    
7349.882188    2507.976923    
7002.397574    2132.177410    
7583.993017    1625.842764    
8323.662465    1702.713884    
8316.077176    1295.796902    
9269.572614    697.825029    
7449.055046    2986.752847    
8099.558974    2692.992439    
6903.417094    2405.079967    
8312.726899    2195.691060    
7751.952970    2684.136590    
8804.855872    1221.726291    
8008.058735    980.968502    
8027.518519    2584.107699    
9673.955340    622.212501    
9158.440559    2567.564760    
9122.700461    2242.382729    
9869.500000    749.084425    
9898.156757    576.018114    
9139.452500    822.449781    
8079.479846    2117.585661    
6525.985658    2595.605263    
7869.086268    1480.181105    
8043.306291    2481.528731    
8099.563353    2592.651717    
8978.210317    809.678480    
7888.427660    2458.961496    
7703.022613    3060.119016    
7592.031434    3742.760961    
8013.255533    3278.868232    
8599.849624    2652.664855    
8104.993355    2349.153334    
8445.378698    2301.885694    
9027.684631    889.704143    
8594.886525    2986.603968    
8499.809524    2515.080426    
7696.947518    2034.742797    
7002.188976    2122.774850    
8052.954294    2135.610528    
7797.518468    2045.089456    
7179.027397    2330.215044    
7677.654275    2108.103638    
9054.866817    1099.229623    
8467.160436    2973.179468    
9601.155372    880.320360    
9002.036541    792.893067    
8191.581492    794.318581    
7909.903067    949.407116    
7429.724897    1053.722825    
8469.980966    512.384359    
9490.407625    1652.499140    
8154.532698    1207.722598    
8234.841270    993.149111    
8579.858647    1644.088176    
8566.407921    1285.936500    
8517.778912    1379.094041    
8615.668094    1147.062738    
9063.793651    1458.434531    
7363.068858    1851.351988    
7199.708738    925.515621    
7976.875000    933.386573    
7697.915648    850.678131    
7486.138255    845.157858    
8244.881310    919.292520    
7057.236908    2007.511147    
8689.716690    971.846139    
8404.984936    1279.364793    
7328.196129    1095.762705    
7929.084395    1268.177630    
7868.932452    1120.635947    
8738.068311    1029.732975    
8380.000000    1053.056628    
9010.493088    814.712721    
9670.215223    962.409962    
8854.639571    1111.388742    
8568.058696    1639.560733    
4694.334320    3698.811702    
8051.732839    1642.819391    
7339.829419    970.014908    
7696.575275    957.217040    
7421.491525    845.962760    
8377.945607    1060.183147    
7310.134063    1246.899039    
7935.924855    761.446803    
7871.895765    1344.663523    
8291.445434    1250.575571    
8836.235294    1970.453434    
9099.391781    1885.735878    
8405.493036    2467.188487    
9193.509982    1196.586808    
7925.646570    838.812840    
8086.773077    1089.195515    
7638.005181    669.112168    
7801.529319    970.865162    
8427.329600    1095.360180    
8524.719128    953.496303    
8763.301397    967.664541    
8227.543624    1040.832167    
7448.248654    1229.002609    
8681.977591    937.867794    
9587.110708    1001.328316    
9044.583206    1051.180444    
8095.313559    1012.798049    
7841.985795    1208.253315    
8812.263021    949.981936    
8486.738239    930.396106    
7969.633383    1109.025505    
7541.191074    789.396522    
6856.087719    1991.773610    
7699.500662    1618.220396    
8798.385417    1212.756697    
8644.735648    1252.831132    
8617.736970    1203.005084    
7738.409091    936.980974    
8534.899361    887.197078    
8007.795941    761.213909    
7921.514465    698.925413    
8758.105769    807.661814    
8241.350610    986.420319    
8810.232387    1270.337122    
7862.731329    711.739545    
7951.758507    1116.945033    
9141.400218    768.501474    
9402.448669    891.180001    
7895.552734    819.546410    
7963.048951    1634.462928    
8401.840499    1342.369300    
8709.855769    884.956381    
7977.166412    1058.078523    
8153.241573    1051.708880    
7951.312139    800.103976    
7196.264543    1637.146358    
7563.965909    1125.504593    
8123.794003    805.079258    
8903.840188    1220.909908    
8714.195913    1393.058324    
8699.264957    919.145089    
8300.837419    1120.367004    
8277.410548    996.450274    
8928.405544    796.293617    
8755.739790    1084.603554    
8142.603365    1098.350584    
8049.129111    1125.962953    
7690.619760    883.439635    
7145.236486    2578.112111    
9428.288754    547.807239    
7726.856707    1514.525019    
7860.034626    1217.568417    
8175.071836    1141.184020    
8337.220081    1189.413691    
8893.265554    553.911308    
9236.069079    723.096950    
8999.113043    886.677872    
8493.665145    1227.326755    
8196.946792    928.172344    
8359.597493    902.874102    
7644.542735    847.765132    
7553.477184    1188.544211    
8249.819767    1249.184898    
8155.270115    1210.315131    
7892.608163    1551.995616    
9142.820919    878.898376    
9013.475000    951.541136    
8105.030476    812.132529    
8161.832586    586.955629    
8972.753915    1134.117529    
8846.440278    743.096380    
8807.420886    926.934028    
8360.060852    850.082119    
9322.241117    862.731817    
8347.805447    2749.595237    
8673.330519    1085.468765    
7704.159272    1175.899578    
8967.392622    857.764530    
8271.256773    937.311097    
8665.065767    1157.519320    
7723.703804    559.234611    
8451.755906    1965.425770    
8819.020492    826.352939    
8634.632275    923.534608    
8665.304408    1106.205137    
7937.729953    1242.125023    
8632.669065    865.789480    
8616.746201    1075.505269    
8302.291317    1104.516271    
7547.821566    1251.752455    
8923.505691    1224.956738    
9035.635827    1169.119675    
7368.614458    4109.554291    
8274.751866    1424.502097    
8678.193980    1544.828765    
8929.742092    857.245976    
9336.135983    1010.563027    
7830.604255    1315.556153    
8253.055375    345.815658    
9399.788352    899.440507    
8154.708995    1201.767939    
4910.947627    3258.092905    
8142.143847    877.213298    
8316.172452    802.346350    
8602.759961    1219.575881    
8568.876098    1032.296730    
7872.458239    1034.703854    
9189.253763    900.485625    
7996.359511    710.255820    
8571.955381    927.258804    
8567.876307    457.251378    
8798.804416    2263.168223    
7970.086207    2451.612312    
9254.188525    677.074339    
8946.770874    1036.908400    
8033.945578    2588.447291    
8787.834131    888.261859    
7676.138177    1165.730079    
7979.461424    1065.582531    
8386.654613    1031.030031    
7452.073795    1195.768271    
7978.524611    885.050220    
8201.008578    989.155087    
8107.473790    848.487043    
8255.290744    722.885721    
8598.095238    988.884491    
8105.000984    517.052461    
8405.030698    1064.375749    
8984.056686    1132.666705    
9296.582155    1135.771988    
8669.887372    1044.088815    
7627.970126    688.546651    
9020.250000    1066.626597    
8979.114140    1095.909244    
8981.138796    927.783352    
8742.114035    958.875683    
9183.179811    1212.801036    
8035.963810    1270.085767    
8218.236334    743.886805    
9413.519393    1382.636517    
7612.240356    2711.608796    
8793.053879    869.987018    
8477.109072    974.431505    
8955.851206    1039.259144    
8326.156962    1050.985942    
8730.274227    836.402741    
8662.174079    788.940398    
9115.640000    1102.270266    
8975.414305    970.860841    
8304.559175    905.309385    
8195.000000    927.100635    
8081.617198    795.515311    
9011.422535    1270.434489    
8185.077419    1172.971683    
7694.911712    1327.294790    
8142.874459    950.925205    
9616.853012    1099.730024    
8768.284211    868.967850    
8629.886857    980.530669    
8562.816986    960.538197    
8420.623377    794.737760    
7974.717922    775.642014    
8541.783883    959.057663    
8576.719346    700.909374    
8860.818815    954.037454    
8237.180444    815.314619    
8062.150062    707.481846    
8604.453125    917.095255    
8225.467911    916.878912    
8686.603974    1065.837257    
8607.332440    807.439993    
8566.477738    978.790364    
8925.382812    1037.874843    
8571.286853    615.120548    
9285.659472    1190.866611    
8668.468803    1154.025349    
9124.315498    1137.842967    
8623.721293    996.838750    
9320.392535    1098.677856    
9061.575209    1015.768275    
8244.631466    892.950840    
9152.499215    1129.662513    
8876.719665    1063.424244    
9084.556942    853.096440    
8514.305714    1156.639080    
9260.421392    1349.614478    
9184.135103    1070.767628    
7972.247045    674.632592    
8068.741440    963.396829    
8840.230536    801.131252    
8398.763496    878.297559    
8661.203140    879.221596    
7708.367594    948.820082    
8830.103586    799.887864    
8669.463874    816.123408    
9201.934066    1065.809202    
8192.778215    1114.962116    
8209.498851    1221.617032    
8182.450730    1404.896733    
8730.495025    1169.952160    
7634.802513    979.550740    
7754.465257    1317.833283    
7795.624319    1083.246551    
7744.359736    2202.341195    
6974.541509    1287.386766    
7244.189796    1115.333639    
8206.853211    1111.429885    
8896.323256    806.216733    
8563.177570    1390.753553    
9254.780868    1299.542036    
8702.232323    905.111738    
7939.641066    831.632097    
7702.200900    1359.192528    
7812.080552    891.474981    
8040.308290    706.720017    
9062.494382    945.187809    
8730.134771    893.845762    
6568.504065    3785.294264    
8534.568807    957.904099    
8779.311111    817.467186    
8020.017442    1021.360689    
8639.894273    510.195702    
8567.352273    1020.813977    
8492.262136    1976.806486    
7695.805668    1462.870298    
8995.809524    912.819674    
9281.684211    891.213867    
9420.246914    1100.205169    
6427.890591    4241.762556    
9032.624799    1141.671592    
9006.807626    1155.149812    
7994.603306    1017.222297    
8290.579044    1184.088161    
7830.728636    907.592991    
8775.315705    1114.454071    
7058.866848    3700.777937    
8080.102041    974.684583    
7361.366337    1508.502055    
8175.630058    1013.517569    
7722.954545    928.613090    
5649.275862    2613.831471    
7020.924107    2633.415678    
8034.246914    1270.012987    
7664.768707    841.847168    
8368.446281    871.299020    
7943.017241    1264.705513    
8548.468750    901.631388    
8788.247863    1027.436299    
8748.089147    733.559103    
7290.857820    3793.613223    
8913.681319    899.808992    
6939.115315    4140.499421    
8055.104854    2246.889921    
9389.995935    1364.481152    
8779.183908    1088.819958    
6352.676660    3480.826318    
5978.664634    3518.447736    
8692.887850    1219.563805    
8555.411765    1408.086334    
7481.747899    1358.876471    
7942.150289    1219.426991    
8905.464953    1239.442370    
8372.964539    1048.371752    
8298.920956    1092.042627    
8386.393985    1194.637181    
8969.180602    1128.756037    
8633.983707    1150.457791    
8771.581788    1093.275102    
8286.739852    1186.449031    
8785.776280    1489.881978    
8817.525140    1076.432113    
7794.938028    662.433977    
8019.963731    804.585513    
8940.239414    862.705773    
9003.332080    1191.690700    
9124.588616    844.432074    
9199.794416    942.653303    
9538.260309    989.302779    
8552.868583    932.679520    
8570.383592    1559.041503    
8455.885417    1433.543104    
8061.601790    1029.836328    
9027.125000    1178.380533    
8372.371373    973.491482    
8094.632270    1044.834434    
8411.215278    971.823416    
8623.387366    791.446259    
8588.623672    1126.190850    
7923.614662    1174.954334    
7520.704819    1111.198206    
8559.112987    828.486979    
8132.313466    1107.177693    
7170.714588    876.239218    
7858.276364    940.468554    
8508.544098    1168.040730    
9264.417676    1191.011377    
8668.405195    892.097809    
8479.736148    694.579823    
8765.199391    983.124111    
8221.737151    696.126569    
8613.959233    1220.649955    
7934.845628    1128.170592    
8387.418440    1394.844332    
8863.813743    760.633397    
8999.647410    793.669832    
8778.295739    859.834444    
6701.958159    2894.120834    
8682.271093    921.897653    
8454.746879    963.686485    
8293.202842    988.556893    
8407.931846    991.993064    
9055.679671    1097.394559    
8197.539249    893.754383    
7360.719780    2442.087639    
8013.670103    1755.082094    
8374.218524    1067.722340    
8392.834197    1085.481581    
8241.249480    873.712330    
8211.852608    1092.697807    
8173.512422    1077.834089    
8501.350877    1128.187671    
7966.029586    948.759055    
8103.011450    749.844116    
7551.227106    1293.343244    
8547.518750    1093.779052    
8642.764877    602.217465    
9460.547368    1052.358265    
8678.994302    1157.318337    
7714.091691    928.174591    
7984.654255    1252.973893    
8244.775895    1418.075107    
7282.686312    1098.110951    
7643.270270    760.906461    
6180.810811    3470.922806    
8402.868132    1058.695885    
7566.690141    1636.281091    
9013.519954    1117.802469    
8992.818945    1026.195147    
9203.596237    934.869003    
8909.565217    790.364914    
9073.830015    1177.040943    
8166.711697    1035.674660    
8255.796588    932.785039    
7969.565553    1503.569074    
8255.220859    1306.935034    
8646.480000    977.397463    
8912.778296    1070.987676    
8439.214058    692.111584    
7900.074572    1042.871982    
8449.305170    947.866767    
8517.023544    1025.342001    
8909.949807    1156.491221    
8261.454148    909.020501    
7849.974926    1105.923803    
8118.923599    893.987785    
8485.029172    1034.474997    
8618.670316    795.585755    
8698.300981    904.795843    
8717.238523    982.901634    
7774.401254    989.357759    
8216.604486    918.908552    
8832.701794    603.509278    
9210.237187    802.329319    
8937.576772    741.594911    
8696.101669    722.099365    
8408.389535    967.359777    
8901.918398    1087.679609    
8959.720760    1104.501954    
9189.443570    810.232172    
8808.408929    1336.168854    
8666.938865    1198.480006    
9005.155172    1088.342831    
8251.097046    918.400493    
8533.857351    799.362215    
8249.471649    842.402262    
7523.534799    798.493740    
7742.300375    1051.283745    
8383.057669    883.745501    
7976.636081    2514.729522    
8298.326861    921.784015    
7681.697406    1052.327514    
8785.091892    874.742199    
8970.183333    1010.015085    
8749.202073    1294.784562    
9093.768844    1277.773935    
4915.345646    4176.035023    
7297.800654    3532.337987    
8725.858006    862.395141    
5777.295775    3473.507151    
6306.994485    3948.034456    
8935.345912    698.428779    
7918.907285    2294.900815    
9074.644258    1180.798775    
9686.968354    786.524257    
8432.416089    962.392394    
7446.531114    883.328092    
7898.594371    850.894519    
8225.631661    848.953393    
7325.618574    994.107647    
7911.197183    958.686604    
8118.006122    959.255973    
9584.604782    1275.016086    
5598.606702    3503.368643    
6879.915888    3711.540398    
6241.390863    3300.167351    
7582.518519    1027.161427    
7755.610909    1631.939140    
8367.293948    1038.867076    
8811.676149    1211.186241    
7783.015000    1359.761115    
7701.726496    1723.920694    
7361.172232    1020.068990    
8219.700000    1461.245393    
8050.725888    1105.778783    
8268.425170    822.646029    
8875.627536    894.949796    
8280.708275    1294.740698    
8301.316689    944.038973    
8512.779637    1248.349123    
8886.967930    1188.633344    
8509.246114    1378.592581    
8515.415569    930.455175    
8112.049780    1255.933537    
7159.793814    2615.886925    
9035.548387    1215.574245    
8272.192982    1773.878589    
8099.162983    1525.823968    
8749.518519    1348.078563    
8159.118182    1191.835656    
7659.398524    1164.300133    
7187.713376    2166.174820    
7802.813333    1134.704998    
8581.247899    1367.944739    
8948.048673    1034.309976    
8659.152416    922.177590    
8436.491505    866.306114    
8549.435316    1125.708838    
8367.296045    850.341151    
8066.895565    967.749512    
8719.782692    1386.240009    
7249.854430    3091.064119    
6453.921212    2065.981798    
7944.467500    1933.417497    
8325.285714    1481.267596    
8305.693267    815.960033    
7333.025381    1739.839068    
6669.737705    1462.918861    
8117.926991    1587.918614    
8235.472000    1465.196809    
7534.549569    2301.168942    
8204.420875    2774.880959    
8594.049826    998.143792    
