1062.935639    561.528353    
1521.598338    1852.464836    
1212.077215    1081.001910    
1090.128916    668.305120    
1429.263039    1719.890368    
1311.884758    1527.760811    
1209.686916    1210.661094    
1307.741824    1466.258231    
1382.541446    1664.760463    
1426.375000    1735.357178    
1121.989224    846.682378    
1072.801431    567.680491    
1109.068901    743.081187    
1078.311947    607.819371    
1069.985267    540.424851    
1121.605590    833.532494    
1113.817292    824.759993    
1167.927445    1115.737563    
1414.546479    1790.938033    
1823.600000    2442.945545    
1437.580866    1774.648572    
1293.742900    1315.619263    
1109.209158    789.643017    
1352.889552    1516.496842    
1050.857812    422.341183    
1258.240876    1353.443585    
1226.404762    1255.247436    
1311.088292    1498.966880    
1343.642157    1577.355840    
2102.608392    2857.614923    
1225.877133    1265.539475    
1511.559829    1947.803977    
1061.549180    502.500484    
1325.671498    1519.970378    
1124.686930    761.651315    
1138.404199    850.373425    
1167.000000    944.456016    
1142.788934    933.661307    
1321.673567    1477.011300    
1319.698842    1581.913204    
1247.647619    1354.976584    
1828.350649    2563.762083    
1245.332487    1262.130406    
1302.188383    1358.570854    
1348.356643    1533.021134    
1099.292247    719.476356    
1990.870036    2673.846994    
1290.504505    1461.721057    
1794.192157    2536.019103    
1711.654545    2307.165295    
3215.392157    3979.993707    
2223.812500    2983.973169    
1361.902439    1536.210212    
1087.873469    675.544431    
1176.857143    1106.257471    
1177.385757    1077.488221    
2533.231111    3379.963357    
2448.740000    3379.791509    
1866.025210    2685.159590    
1522.647643    2018.471832    
1233.567138    1255.174733    
1210.521640    1162.806468    
1472.760383    1785.057715    
1271.605263    1359.583581    
1096.310185    692.904086    
1218.689252    1223.264095    
1210.647059    1288.820417    
1009.020979    18.790143    
1237.798464    1441.439631    
1525.791602    2043.159717    
1610.127907    2231.890039    
8472.000000    0.000000    
1469.617742    1711.452974    
1999.863248    2488.984839    
1042.785586    301.860577    
1834.833333    2433.277099    
1335.625000    1592.768425    
1484.498148    1965.228462    
1230.404192    1302.098645    
1316.448951    1478.925172    
1296.867965    1426.159291    
1515.970223    1871.119404    
1449.236045    1642.625775    
2099.534483    2645.795702    
1585.583799    2070.179779    
1330.297583    1400.540063    
1118.586788    856.507430    
2100.205575    2654.462157    
1230.486792    1242.904414    
1478.045455    1847.604271    
1488.045267    1926.677601    
1807.407407    2619.540298    
1469.225806    1990.658753    
1551.965232    1873.798659    
1436.797348    1760.695872    
1373.941456    1548.538074    
4194.291667    4204.948444    
1053.575964    473.168132    
1119.447368    824.437095    
2412.843373    3035.694012    
1344.617486    1536.670669    
1256.520661    1303.224258    
1234.083458    1277.619275    
1177.343643    1129.513949    
1421.102484    1955.742576    
1166.366136    1045.902961    
1114.480697    816.180610    
1109.522959    795.450195    
1156.688187    1017.952652    
1255.901478    1306.217811    
1115.026549    787.156261    
1137.142645    916.070431    
1191.195616    1166.448373    
1121.143077    872.777887    
1184.858657    1096.186895    
1389.497006    1732.663232    
1384.825607    1709.823581    
1522.675141    2017.865752    
1747.456693    2228.283046    
1712.374741    2388.899254    
1193.836007    1129.497092    
1310.754098    1437.042037    
1101.924217    768.170207    
2085.186770    2935.267117    
1019.365854    23.667794    
1256.762376    1427.477215    
1154.397820    1033.517815    
2153.948560    2744.010979    
1101.976266    759.336818    
1062.234735    473.896431    
1108.067194    738.699002    
1380.135849    1625.076739    
1781.176471    2339.840920    
1620.163895    2192.782121    
1545.752239    2076.660556    
2120.251799    3032.558231    
1419.412195    1719.830350    
1137.461261    918.195082    
1159.442142    984.797672    
1166.842508    1041.064166    
1147.243711    974.124393    
1166.510606    1075.866168    
1153.381173    1009.090999    
1110.083676    849.632566    
1413.596623    1652.497961    
1261.753043    1332.740125    
1131.411590    906.239410    
1498.560606    1790.181944    
1299.759171    1399.277753    
1386.642748    1599.026930    
1438.455744    1703.429863    
1368.154412    1559.807547    
1562.400679    1925.523095    
1376.224561    1557.416113    
1264.318182    1278.893112    
1312.731993    1457.496207    
1184.681159    1106.381365    
1326.583893    1501.708955    
1296.255034    1429.946831    
1386.486179    1592.833675    
1584.159633    1881.091281    
1733.245681    2142.490467    
1746.884990    2191.249932    
1403.490501    1520.760777    
1212.631424    1179.406783    
1141.445633    988.830809    
1453.752492    1817.115859    
1226.360983    1267.430325    
1358.060458    1574.521210    
1288.615873    1400.783155    
1131.889423    923.614981    
1455.987558    1696.045201    
1290.657686    1374.942896    
1415.555031    1623.766901    
1302.107527    1412.555044    
1234.488823    1239.781466    
1489.377049    1792.778528    
1376.553691    1628.650867    
1358.913706    1592.589107    
1319.446677    1527.817676    
1247.104101    1326.121803    
1252.527559    1366.225182    
1206.478836    1138.593623    
1335.768480    1481.278289    
1242.321608    1226.981002    
1178.991495    1096.798944    
1148.466448    1013.840733    
1312.674024    1490.471416    
1283.745938    1428.419346    
1102.942602    795.870251    
1140.881988    946.389782    
1197.381287    1109.137987    
1086.422277    644.597301    
1117.916767    795.787361    
1254.484352    1260.939618    
1161.919591    1033.093283    
1265.537361    1365.607137    
1324.904538    1574.407767    
1296.002849    1516.747301    
1240.388416    1277.353144    
1533.729045    1861.429076    
1372.922819    1486.961836    
1621.533981    1894.382061    
1144.384252    925.932336    
1358.473310    1574.922007    
1353.307494    1580.813229    
1499.977099    1911.377981    
1146.696833    976.487021    
1098.109244    719.072620    
1147.790850    949.860853    
1065.746535    601.208676    
1234.181669    1307.854287    
1129.592126    885.548396    
1495.687361    1871.716091    
1707.464286    2268.186245    
2049.943299    2703.378080    
1264.202552    1380.972517    
1335.989761    1548.919153    
1188.433121    1128.191000    
1113.891419    847.032853    
1098.681122    719.378250    
1212.897657    1159.091069    
1203.213049    1141.841432    
1279.094059    1343.459118    
1272.367127    1370.148726    
1380.404100    1596.305383    
1232.606101    1146.770712    
1115.560109    858.227864    
1183.648515    1088.599433    
1192.414944    1143.365234    
1188.975904    1061.518589    
1200.443946    1078.796963    
1094.651365    662.933867    
1182.827260    1063.921922    
1191.158554    1145.779060    
1317.046957    1551.741450    
1620.329690    2023.298368    
1103.587302    823.087691    
1091.237557    659.685109    
1145.238958    879.925435    
1116.284404    820.918069    
1287.889085    1431.546287    
1228.239870    1235.774523    
1389.717905    1468.505243    
1195.861111    1187.219092    
1330.244000    1576.224152    
1149.160473    1004.326374    
1164.325826    1056.911703    
1108.857918    812.294289    
1343.096601    1541.025245    
1290.131238    1425.597320    
1328.625192    1482.818729    
1153.811966    1020.005530    
1303.780531    1424.960389    
1192.053571    1083.654019    
1235.472527    1271.374910    
1264.397059    1323.419844    
1321.822554    1476.421565    
1235.862385    1235.128685    
1271.308294    1380.393160    
1304.677994    1433.297341    
1137.105536    925.097233    
1266.504052    1332.248748    
1313.680702    1429.129362    
1362.351885    1613.787676    
1485.057361    1777.057574    
1119.175841    867.733292    
1338.363322    1516.014824    
1177.260097    1068.140538    
1264.929797    1371.548278    
1083.491525    635.149658    
1238.593709    1253.770354    
1086.806630    653.579113    
1165.947802    1023.646366    
1505.194643    1916.184202    
1058.546189    512.601562    
1265.778497    1257.476709    
1246.126667    1272.002310    
1210.765677    1176.335403    
1144.343590    995.127493    
1349.573770    1606.546626    
1404.683200    1757.969289    
1248.298046    1319.530902    
1988.679916    2606.620410    
1284.220077    1399.710303    
1644.036517    2046.420357    
1624.677165    2148.799409    
1223.638387    1260.309527    
1173.118990    1043.826882    
1372.278750    1550.405061    
1095.571975    669.561383    
1174.383721    1047.828595    
1235.808759    1311.638935    
1290.755776    1478.347938    
1389.992819    1650.706316    
1195.571006    1211.107905    
1121.886427    955.224887    
1166.920863    1038.539468    
1360.695312    1658.708405    
1165.493506    1063.830794    
1217.445619    1236.871802    
1387.161785    1593.465356    
1271.875318    1290.516203    
1400.442080    1578.688317    
1190.280193    1077.398364    
1314.732759    1453.644517    
1260.708738    1313.072892    
1278.085799    1397.147983    
1364.266323    1586.419878    
1214.226562    1230.410341    
1251.892144    1372.129905    
1311.601246    1510.187197    
1354.631008    1556.547196    
1175.736313    1037.648270    
1232.876433    1247.644698    
1034.668168    298.143313    
1235.041204    1307.628725    
1332.891975    1574.337941    
1224.791667    1222.170320    
1192.402760    1148.566356    
1224.154321    1230.503942    
1024.248000    281.278680    
1082.077381    634.904813    
1397.430168    1611.173740    
1304.782143    1376.755265    
1240.155172    1232.859306    
1148.222222    976.941504    
1252.968067    1337.100034    
1310.930783    1471.438240    
1247.686067    1278.460109    
1466.585603    1802.808309    
1111.892902    843.816455    
1163.492176    1024.105771    
1100.243764    749.698399    
1311.381919    1449.588933    
1098.377358    787.016538    
1066.784703    659.206409    
1106.556492    797.317127    
1426.859287    1735.024737    
1102.177871    803.401256    
1204.288630    1173.294604    
1230.693374    1247.113480    
1274.001653    1357.675412    
1348.366559    1554.513548    
1401.337638    1599.154396    
1248.998567    1289.840845    
1201.535338    1153.840616    
1263.416910    1305.835304    
1212.209770    1208.443126    
1154.228700    1005.543212    
1015.781870    10.409628    
1160.165232    1046.132833    
1212.313629    1201.676900    
1257.735938    1262.558298    
1392.028520    1617.357132    
1310.290807    1461.060372    
1177.892962    1095.481528    
1118.861516    861.389294    
1361.672205    1614.623703    
1382.962903    1653.641178    
1619.051282    2189.507425    
1180.055988    1118.209603    
1131.424092    941.638490    
1152.823776    1010.310115    
1192.851735    1137.366555    
1404.520619    1680.511902    
1267.574766    1324.854738    
1079.127273    648.790126    
1087.868902    646.736343    
1026.797671    289.016656    
1307.760540    1489.718070    
1313.838828    1501.330209    
1342.863014    1591.159713    
1278.747994    1408.013713    
1048.321928    511.108161    
1396.459085    1735.668606    
1240.807384    1287.163701    
1509.089394    1933.255170    
1497.955485    1812.930728    
1452.302768    1729.398018    
1162.726266    1086.573341    
1391.283276    1646.928829    
1140.640607    950.713692    
1091.265675    725.587781    
1250.534050    1353.759465    
1200.606695    1204.471605    
1186.397394    1105.745499    
1041.380655    447.480140    
1486.176130    1718.367843    
1315.829396    1359.076793    
1158.973072    970.593882    
1104.132075    805.959993    
1223.751055    1231.782660    
1306.330935    1480.622876    
1501.136519    1960.734865    
1318.536741    1318.496285    
1237.104430    1317.063455    
1296.442478    1457.188451    
1114.438187    880.630115    
1208.707547    1176.876204    
1224.986894    1169.047205    
1309.793706    1397.454059    
1448.206847    1751.637461    
1327.686688    1496.446160    
1136.402402    794.523163    
1281.570856    1380.417555    
1300.543119    1414.027447    
1186.059028    1118.515169    
1200.419087    1217.419427    
1320.705179    1578.747008    
1165.155914    1030.897705    
1073.214204    558.844614    
1104.467233    708.514607    
1337.452269    1523.349489    
1365.609053    1628.738284    
1117.633754    787.773429    
1182.330986    1040.847468    
1259.950321    1354.114601    
1371.803661    1430.678818    
1263.582474    1283.429037    
1013.772803    10.114262    
1309.225700    1534.189507    
1130.684628    820.657850    
1141.960057    956.199896    
1113.889922    872.168102    
1538.348708    1958.561447    
1085.196721    753.680854    
1224.811650    1274.576295    
1260.671664    1343.241171    
1292.540765    1426.692058    
1143.023962    982.508889    
1345.435424    1531.086042    
1083.439299    634.587780    
1128.564356    806.359048    
1110.302096    747.509866    
1113.694143    796.956249    
1058.607891    556.208023    
1182.713600    1125.917429    
1445.878431    1820.953660    
1402.853462    1665.345710    
1096.961824    687.676905    
1031.624454    315.406373    
1361.388350    1602.271032    
1145.588020    924.460724    
1100.655636    715.211163    
1113.092838    796.560029    
1052.877384    491.145118    
1043.715655    431.098169    
1285.057471    1500.918679    
1296.427259    1567.055536    
1262.095385    1421.326030    
1441.152964    1858.559142    
1308.458861    1667.879576    
1360.407295    1596.791933    
1063.779394    453.144753    
1099.307095    693.004411    
1086.076076    683.329696    
1032.632822    21.165475    
1571.476821    2207.646290    
1349.762319    1528.822776    
2044.500000    2636.844372    
1354.063406    1617.064106    
1020.292282    15.575863    
1091.252632    728.035779    
1096.448187    748.217248    
1094.298165    689.454385    
1094.476064    656.690843    
1536.401408    2033.974315    
1118.415045    887.137712    
1243.228130    1291.519206    
1305.447183    1563.314261    
1185.157480    1165.249393    
1130.627566    911.861685    
1123.392754    905.855546    
1067.249254    645.921352    
1148.422371    1007.596839    
1084.980443    709.206708    
1045.355795    392.653287    
1281.086342    1342.155289    
1332.621441    1326.694995    
1082.524515    658.029887    
1103.039956    705.672599    
1205.940758    1122.745090    
1165.001143    975.562848    
1184.829787    1084.011163    
1143.071307    980.655561    
1218.505942    1268.729126    
1241.187266    1421.132028    
1357.844175    1596.365862    
1378.062400    1601.636636    
1213.423249    1178.384545    
1197.402044    1140.199834    
1152.297710    1006.857506    
1462.819425    1694.763023    
1352.287812    1503.811347    
1222.052877    1227.460941    
1341.513711    1576.106164    
1131.912127    954.630141    
1245.704698    1363.833206    
1419.859862    1724.672262    
1264.440984    1375.098367    
1047.613128    426.743512    
1051.174084    374.731335    
1083.086313    728.129177    
1165.418246    974.522990    
1112.770208    768.950290    
1175.360294    1116.779597    
1286.728324    1372.262019    
1309.103393    1446.937472    
1306.501799    1483.014177    
1674.461078    2383.125541    
1193.254400    1140.470094    
1122.605830    796.231716    
1154.807955    960.381059    
1307.126984    1318.119502    
1118.625144    793.090029    
1351.543210    1614.522462    
1367.379585    1657.798631    
1186.174138    1103.672993    
1291.279412    1393.582290    
1515.064412    1682.480629    
1244.226624    1270.653913    
1533.530864    1893.634864    
1142.925355    914.766395    
1296.820189    1430.795511    
1187.895313    1083.280120    
1876.674617    2344.894947    
1364.938010    1625.176431    
1373.119128    1646.414734    
1598.372517    2159.931205    
1806.807356    2186.599540    
1299.455772    1386.517056    
1184.285714    1081.322743    
1070.053801    564.054149    
1151.540964    943.758399    
1367.631757    1602.957547    
1104.836478    830.240299    
1229.413738    1237.679189    
1298.883598    1457.933105    
1432.173207    1843.926494    
1227.970238    1292.012744    
1898.181633    2380.384024    
1109.411642    785.710604    
1329.724138    1411.047092    
1215.226601    1189.214292    
1372.540041    1618.257394    
1149.486395    1017.234114    
1268.813218    1355.166507    
1335.719595    1576.238677    
1156.378049    1043.625942    
1261.813505    1351.414855    
1166.073394    1020.513012    
1323.495298    1430.856161    
1135.079320    912.669060    
1293.807284    1497.593240    
1496.684628    1952.020950    
1071.634965    636.719648    
1148.342944    1018.990198    
1389.767857    1582.534718    
1263.807249    1356.972216    
1494.236084    1915.779980    
1581.874239    1983.785093    
1327.015184    1464.886715    
1208.275862    1219.537575    
1544.156006    1970.899266    
1362.936054    1542.703484    
1246.096525    1262.173824    
1269.768559    1329.376729    
1187.435345    1131.459975    
1044.951333    489.528418    
1284.803853    1388.499678    
1277.000000    1404.023068    
1188.312092    1127.278336    
1084.256452    702.965601    
1329.034646    1554.970937    
1324.104882    1529.803212    
1094.010160    784.084269    
1377.017986    1583.853130    
1679.320225    2038.969182    
1256.163130    1271.584989    
1470.083205    1672.410005    
1378.049914    1618.959658    
1822.417219    2486.692676    
1270.080442    1307.125885    
1249.202381    1260.493870    
1453.502604    1838.921685    
1566.501188    1900.027900    
1536.422067    2003.040885    
1655.275229    2194.948032    
1196.859517    1128.195971    
1495.555556    1742.941456    
1060.184397    545.025377    
1375.402439    1552.866814    
1360.843643    1541.921477    
1200.751453    1241.604791    
1450.399356    1846.006461    
1333.781874    1586.153086    
1366.082963    1480.064431    
1418.015823    1650.354811    
1319.486742    1547.498081    
1173.018258    1073.130518    
2045.733871    2593.898491    
1440.529981    1744.840036    
1316.621875    1494.711574    
1502.363636    1764.206619    
1045.742561    456.444779    
1491.180680    1764.984536    
1514.910131    1845.687509    
1489.619503    1724.626268    
1314.640449    1386.457018    
1368.063953    1579.411092    
