8320.180314    596.141907    
8955.260546    643.832770    
8451.051495    599.176151    
8997.101737    575.589430    
8916.963056    632.496129    
8486.059553    585.306399    
8233.470637    479.726455    
8474.906534    364.666985    
8493.338296    614.987614    
8891.666667    457.544181    
8342.484698    427.981273    
8041.009926    552.725254    
8807.772539    532.360005    
8628.675765    541.104309    
8549.634409    427.808007    
9209.199338    663.780795    
8984.565734    641.203859    
8460.642680    515.870313    
8433.897436    458.480629    
8721.092639    662.820922    
8408.268817    490.790117    
8061.018197    580.906100    
8450.068652    449.990636    
8813.709787    581.367948    
8672.562448    614.176445    
8538.084367    356.589552    
8348.305211    720.444015    
8415.193013    711.982367    
8360.162945    535.497622    
8409.000827    565.645141    
8438.062035    486.379896    
8525.821340    339.295796    
8381.690653    675.233462    
8161.770058    329.055980    
8823.958644    469.212754    
8553.065343    396.173565    
8171.719603    457.494934    
7855.201820    402.560786    
8527.599669    566.636937    
8462.457403    544.924057    
8345.550868    556.445046    
8262.172870    435.842683    
8672.028122    382.062561    
8332.394541    613.653107    
8352.239868    596.858558    
8557.292804    641.056358    
8470.041356    666.672227    
8957.595533    499.958716    
8865.586435    518.972510    
8522.354012    426.971599    
9102.808106    543.238672    
8562.138131    730.977843    
8753.997506    751.942176    
8684.601323    378.319644    
8458.052936    574.339636    
8553.255583    506.187135    
8552.694789    663.778817    
8639.722084    502.744204    
8793.046319    750.067321    
8540.291977    577.365342    
8665.707196    586.757991    
8656.696443    430.045951    
8626.140612    585.081209    
8421.208437    524.809706    
8294.293631    469.582306    
8625.382961    465.892682    
8545.504549    525.021996    
8080.325062    500.609281    
8749.223325    590.735701    
8639.650951    419.573730    
8129.992556    452.471982    
8280.618693    672.021922    
8724.079149    872.937601    
8570.483871    677.104982    
8611.382961    732.660665    
8376.708850    705.551737    
8439.866005    547.523452    
8601.951199    404.440976    
8559.488007    700.289970    
8556.463193    559.730010    
8522.557486    591.392276    
8799.670802    500.020722    
8551.654260    556.769693    
8368.283706    381.924713    
8552.045492    442.795173    
8306.297767    421.647755    
8828.536807    527.528072    
8964.803970    528.085507    
8394.807279    670.936219    
8341.812242    596.278557    
8102.570720    535.812396    
8618.953681    459.166753    
8344.103391    400.365453    
8345.889165    410.941028    
