6007.295285    293.767233    
6003.800662    395.540027    
5888.453267    204.776611    
5916.063689    284.843001    
6000.160463    372.281137    
5898.413565    170.001891    
5939.329198    195.965032    
6203.888337    351.880354    
6007.123242    310.843742    
5916.498759    222.715615    
5978.481390    313.199276    
6058.146402    366.434267    
6230.368900    288.762187    
6080.865178    189.229016    
5826.729529    363.030989    
5928.597188    368.312319    
5965.430108    317.684236    
5969.770885    268.631306    
5931.147229    330.109957    
6086.925558    333.500730    
5899.322581    341.892643    
6016.189413    485.116653    
5976.504549    262.069423    
6052.747725    231.110099    
6009.718776    326.165889    
6110.415219    363.162139    
6169.410256    232.341728    
5835.900744    186.763741    
5932.995037    215.964545    
6047.119107    362.586977    
6166.578991    426.969745    
5960.374690    337.333902    
6160.358974    273.448069    
6087.800662    255.464447    
6076.723739    284.831150    
5919.741108    278.058069    
6011.333333    356.130406    
6176.616212    295.058220    
6166.918941    321.159044    
6198.755997    404.713661    
6115.395368    310.469797    
6210.741108    419.728038    
6138.598015    349.106093    
6017.946237    321.328149    
6071.770885    363.280927    
6137.403639    401.355166    
6021.306865    317.359913    
6091.069479    359.823234    
6066.017370    437.090346    
5983.402812    261.077555    
6149.142266    351.231822    
6204.219189    331.417886    
6185.214227    469.002478    
6164.547560    225.147090    
6010.561621    243.718711    
6094.176179    229.351272    
5921.951199    169.550864    
6031.497932    207.518499    
6166.741935    340.528609    
5864.685691    299.478144    
5996.810587    312.136322    
5863.666667    329.576687    
5954.843672    270.533192    
5916.818859    283.431305    
6047.979322    277.758225    
6051.242349    252.544127    
6064.428453    257.549093    
6105.660050    332.318807    
5908.459057    314.722415    
6081.326716    300.468556    
6102.260546    272.837186    
6151.363937    205.494449    
6087.678246    219.433393    
5985.827130    233.203864    
6168.940447    355.122556    
5988.011580    357.422359    
6069.574855    292.043772    
6101.902399    296.379617    
6095.675765    332.783957    
5977.297767    214.913549    
6034.413565    318.394747    
6183.952026    282.827390    
6130.517783    266.291879    
6019.810587    245.686839    
5977.227461    238.480193    
5920.789082    221.594946    
6026.508685    231.069513    
5844.145575    263.045497    
5939.191894    209.568187    
5963.108354    256.111685    
5990.052109    284.926052    
6029.962779    269.019666    
5916.993383    364.369133    
6001.990902    259.748053    
6168.464847    373.238494    
6216.384615    395.397397    
5919.692308    341.550900    
5873.174524    187.673947    
6021.462366    212.774928    
6102.416046    284.710655    
5949.883375    216.270521    
5892.459884    277.382740    
6100.331679    301.371889    
6115.752688    321.004337    
5914.588916    210.516496    
5976.314309    218.907677    
6086.052936    279.625732    
5996.736973    210.940304    
6037.380480    292.007981    
6051.403639    256.023083    
5941.105045    260.261947    
5894.993383    268.543801    
5957.350703    353.519608    
5931.208437    246.920758    
6025.283706    229.071488    
6087.125724    319.729821    
6038.555004    268.204455    
6054.657568    215.964868    
6140.162117    390.455743    
6131.951199    467.855767    
6160.286187    429.514484    
5915.384615    262.037436    
6069.989247    354.589002    
5891.540943    275.320618    
5987.402812    305.249851    
5955.735318    184.473783    
5921.234078    273.614432    
5846.813896    282.233299    
6015.029777    254.341995    
6176.910670    338.133404    
6062.667494    315.994765    
6004.336642    299.544739    
6095.546733    327.493140    
6040.562448    261.360036    
5837.311001    317.520620    
6000.208437    256.677411    
6019.113317    334.359865    
6016.783292    306.722830    
5937.014888    413.386482    
6110.833747    381.794461    
6134.273780    281.364062    
6069.334988    287.702403    
6040.163772    391.294075    
5878.484698    221.649102    
5987.473118    243.776799    
5904.632754    308.480833    
5977.985939    241.868626    
5906.784119    226.336268    
5893.890819    198.738681    
5867.076923    350.455115    
5905.600496    204.624197    
5991.846154    273.331975    
5990.755170    215.736788    
6018.912324    394.027629    
5772.440860    271.893501    
6029.071133    230.555832    
6032.920596    318.530926    
6013.464020    449.638911    
6131.488834    444.635569    
6076.245658    488.153488    
6039.179487    291.412336    
6058.903226    220.366293    
5843.977667    175.147954    
5873.952026    235.269128    
6010.182796    334.784321    
5855.790736    189.798339    
5980.890819    281.815574    
5971.765922    201.572320    
6012.008271    175.279330    
6016.244830    262.009221    
5912.213400    183.321954    
6068.123242    362.465394    
5866.770058    315.783962    
6083.737800    284.021452    
6051.861042    304.321818    
6133.244830    342.219481    
6101.880066    302.082753    
6003.736973    316.467574    
6072.889992    247.441887    
6101.461538    258.384426    
6074.021505    365.421233    
6021.517783    206.397734    
6008.914806    196.161701    
6043.608768    243.691611    
5983.514475    211.944872    
6148.507031    312.776338    
5917.852771    251.099442    
6026.243176    279.087563    
5986.765095    317.720842    
6095.536807    352.282150    
5932.637717    151.866004    
6086.503722    291.302307    
5907.893300    320.602626    
6031.944582    266.967133    
5982.756824    390.142228    
5978.164599    271.875096    
6115.491315    343.926522    
6075.359801    170.580162    
6054.571547    213.115121    
6000.066170    289.490209    
5906.537634    329.301369    
5961.775021    264.311098    
5987.988420    280.639489    
6044.889165    351.213033    
6081.465674    287.771508    
6098.954508    289.570625    
6445.154673    363.555567    
5954.215054    202.425695    
6203.701406    459.719803    
5969.733664    321.115117    
5957.803143    174.806676    
5900.229115    302.300626    
6010.762614    255.620368    
6033.154673    312.815717    
6055.493797    325.143539    
6064.215881    267.836642    
5917.765922    191.661152    
5979.806452    192.017332    
6025.830438    237.289711    
5966.337469    400.799386    
6012.162945    275.985176    
6057.868486    368.979224    
6011.499586    276.102330    
5947.468156    248.593288    
6011.240695    287.190016    
6075.813069    233.187581    
6090.224152    251.124680    
6074.765095    324.212785    
6018.260546    235.981117    
6065.753515    322.702390    
6084.019851    297.789384    
5994.521919    244.226000    
6033.464020    229.120869    
6025.667494    346.730324    
6201.778329    352.263406    
6062.859388    271.845831    
5964.903226    324.806158    
5827.075269    224.204544    
6032.244830    210.442135    
5973.478908    226.227964    
5992.421836    218.453382    
5982.607113    271.130068    
5942.779156    267.566128    
6090.701406    328.185372    
6154.356493    278.086867    
5958.952026    248.486468    
5995.177006    302.351430    
5988.003309    302.332706    
5956.432589    278.509160    
6019.478908    250.765197    
6069.823821    454.688327    
6119.731183    402.221262    
6088.318445    421.109094    
6028.358147    284.927486    
6068.595533    311.283840    
6174.091811    395.543306    
6089.411911    283.735881    
5973.724566    382.659529    
6239.044665    255.505146    
6035.263027    257.031425    
6113.621175    286.883774    
6143.133168    325.762748    
6011.002481    284.420286    
6035.363110    399.332184    
6044.585608    315.352234    
5966.207610    276.732197    
6196.452440    313.272130    
6177.246485    420.056228    
6011.617039    232.447277    
6072.124069    225.671140    
6062.244003    193.745134    
6131.494624    205.201122    
6160.508685    295.353272    
6159.937138    194.751716    
5902.308519    232.445926    
5980.969396    227.136710    
6021.639371    241.289616    
6103.841191    350.728823    
6007.637717    280.584324    
6067.415219    312.405096    
6050.877585    265.276608    
5984.184450    269.303663    
5949.873449    251.359749    
6127.830438    262.409098    
6144.064516    302.262167    
5957.372208    226.287582    
6052.101737    241.888791    
6032.920596    227.427139    
6087.973532    289.344005    
6071.101737    324.709063    
5987.282051    260.534751    
5956.469810    276.734693    
5925.326716    244.810840    
6012.860215    185.468957    
6168.321754    258.506943    
6087.916460    267.684089    
6176.076923    354.843224    
6022.535980    444.486120    
6085.834574    428.440642    
6116.384615    291.816419    
6034.813896    268.976864    
6026.699752    228.427903    
5924.037221    284.556546    
5860.450786    281.657444    
5874.832093    220.377274    
6044.163772    236.274548    
5913.655914    152.433698    
5746.097601    291.223139    
5986.304384    237.099310    
5836.226634    351.645488    
5937.539289    320.147754    
5887.985939    215.741549    
6081.684036    303.649044    
5914.393714    198.393245    
5978.264682    281.012057    
6111.417701    301.594418    
5779.631927    314.588322    
5934.109181    204.066479    
5921.423490    207.692839    
6040.373863    291.807894    
5997.612076    305.262340    
5939.622829    171.684753    
5963.448304    278.706986    
5915.014888    180.526726    
6072.665840    341.986796    
6068.865178    371.635485    
5947.032258    319.026517    
6080.835401    282.448456    
6037.680728    248.260287    
5979.968569    239.377720    
6121.302730    292.298087    
6226.246485    352.340456    
6197.749380    376.199654    
5941.028122    213.250310    
5909.854425    254.852958    
6192.194376    199.856088    
6051.495451    178.000907    
5952.923904    241.232085    
6165.060380    350.749099    
6287.464020    355.504449    
6215.500414    262.982685    
6103.567411    323.847572    
6008.389578    225.617923    
6031.778329    224.748264    
5876.713813    153.973629    
6063.315136    230.630565    
6046.145575    212.490728    
6006.377171    229.644916    
5999.357320    326.813375    
5987.077750    229.455155    
6068.954508    256.366348    
6133.980149    256.813871    
5976.635236    228.615982    
6154.881720    306.591947    
6067.133168    250.379952    
6058.928867    369.032881    
6033.382134    239.461367    
6131.365591    346.343987    
6035.684036    220.092400    
6145.643507    418.555659    
6083.443342    213.029649    
6002.425972    177.878969    
6112.454921    244.577189    
6225.403639    342.861974    
6000.661704    261.332664    
6070.492969    277.637660    
6078.866005    316.668930    
6109.850289    329.504297    
6103.234078    223.628504    
6071.816377    308.388467    
6079.999173    311.411351    
6135.996691    423.141692    
5954.348222    302.170078    
6013.015715    200.730705    
5935.937138    197.231851    
5996.415219    231.943116    
6081.962779    213.531411    
6083.330025    224.161368    
6097.654260    248.118157    
5966.808933    409.091961    
5970.197684    262.603838    
6081.151365    183.100661    
5936.583127    262.089637    
6175.896609    293.565881    
6056.399504    196.477020    
5987.751861    311.381196    
5879.655087    288.395893    
6144.542597    335.810849    
6046.836228    210.441207    
6086.265509    300.756355    
6103.172043    408.820934    
6017.543424    303.777696    
6140.002481    398.705315    
6001.408602    278.206685    
6171.120761    397.160959    
6151.282051    372.132287    
6069.638544    336.236647    
5962.446650    256.747843    
6122.784119    280.033093    
6165.601323    323.577122    
5990.995037    240.033665    
6033.564103    250.012816    
5830.068652    145.613920    
6016.303557    266.737157    
6041.430935    234.723977    
6234.061208    275.645088    
5938.140612    227.979644    
5990.334160    189.004849    
6089.833747    287.759046    
6095.277916    364.106528    
5994.977667    247.662379    
6144.202647    313.708981    
6122.332506    297.725692    
6109.655914    199.210931    
6123.800662    335.453257    
5932.776675    230.048719    
5945.297767    199.106883    
5964.277916    311.018512    
6075.703888    295.745571    
6131.742763    276.980038    
5946.444169    362.862640    
6107.581472    290.027836    
6040.323408    254.041312    
6118.189413    319.183078    
6325.491315    471.836407    
6076.133168    354.165667    
6137.038875    354.853976    
6052.190240    269.936276    
5985.445823    204.169027    
6030.520265    274.466665    
6097.953681    236.125384    
6147.212572    338.730499    
6164.186104    360.032439    
6150.808106    244.816448    
6203.842845    348.420235    
6184.194376    252.391741    
5954.063689    261.364841    
6125.879239    271.493350    
6254.946237    356.391419    
6316.728701    400.362488    
6158.045492    249.782672    
6035.335815    248.535105    
6094.449959    290.890153    
6062.976013    303.126032    
5889.841191    211.728476    
6170.410256    357.443402    
6071.372208    305.711329    
5893.941274    210.405318    
6097.631100    244.040681    
6136.971878    320.925779    
5933.147229    217.437607    
5892.336642    182.569968    
5783.470637    182.477571    
6060.759305    343.408347    
5970.892473    234.104640    
6214.727047    291.592691    
6065.998346    271.476949    
5911.976840    163.144416    
6031.082713    185.315455    
5966.117452    201.221077    
6120.940447    210.841713    
5859.353184    174.380834    
6034.798180    242.272619    
5969.534326    182.412336    
5893.617039    129.717463    
6105.875103    174.856520    
5993.709677    290.886747    
6024.667494    238.507775    
6051.331679    196.218557    
5860.622829    175.875553    
6056.321754    231.964038    
6022.945409    205.448064    
5965.764268    304.487390    
6062.711332    189.277662    
6001.574855    278.121097    
5956.715467    227.873628    
6031.262200    305.228697    
6008.861869    276.183355    
5990.449132    269.907583    
