1004.014471    93.214265    
1003.335112    87.318416    
1002.926857    82.702003    
1003.856980    93.207842    
1003.159360    84.678841    
1003.127238    89.587613    
1003.869052    92.301374    
1004.822611    97.354550    
1004.423839    95.033215    
1002.198401    77.936071    
1003.321293    83.784227    
1003.540160    89.695858    
1004.627995    94.674719    
1002.799390    78.038771    
1003.576381    82.836760    
1003.888381    86.438321    
1003.486857    82.178583    
1002.799695    77.114653    
1004.169897    88.123094    
1003.282559    78.406916    
1003.175305    77.717685    
1003.099085    71.786455    
1003.745323    79.583349    
1003.723980    84.501454    
1002.781250    72.400227    
1004.099315    82.357735    
1003.805259    81.672671    
1003.777905    87.475152    
1003.936786    87.992633    
1003.765019    85.267432    
1004.974914    101.512182    
1004.357659    94.830302    
1004.093536    96.194142    
1003.094893    83.540353    
1003.347396    89.695542    
1002.355268    88.648013    
1002.412861    85.385884    
1001.600228    77.401855    
1001.203725    78.289862    
1001.888170    88.207916    
1001.953267    93.931750    
1000.623337    83.473317    
999.763699    83.808368    
999.074610    78.889184    
1000.177812    90.193129    
999.257132    89.257224    
997.858175    80.519624    
997.500381    80.011610    
997.547112    78.812063    
997.832003    83.980961    
997.466211    87.843366    
995.024743    67.806936    
997.276256    86.234547    
994.960396    73.173603    
995.687571    79.398248    
996.630979    86.623824    
994.059361    67.569488    
994.671347    81.559881    
994.450570    79.246756    
994.241051    75.298923    
994.776976    79.094616    
995.173946    88.924784    
994.722433    83.551221    
993.735942    80.329856    
994.172374    85.300759    
993.300152    80.503466    
994.551331    84.352120    
994.296620    78.823362    
993.747717    74.355833    
994.364085    83.527420    
993.392015    67.256986    
994.165653    74.373324    
995.436053    78.850253    
994.861638    72.026495    
996.177963    78.486937    
996.129069    79.358349    
995.887078    72.061809    
995.741386    65.396887    
997.122108    78.442747    
997.743085    79.162870    
997.405313    72.888314    
998.976145    84.950023    
996.354594    66.420226    
998.359013    74.681030    
997.791730    72.165346    
998.700796    78.318901    
998.899810    78.136011    
999.455063    78.923185    
999.123578    78.644573    
998.204476    73.798620    
998.295524    74.953042    
998.747912    79.263070    
999.266591    85.628382    
999.128088    79.338715    
998.822948    79.142175    
1000.460516    96.801710    
999.388910    89.568777    
999.036067    90.658340    
996.894597    68.478268    
999.161425    93.551434    
998.029624    77.412636    
996.559741    74.070557    
997.230478    80.254570    
997.658815    83.928386    
997.428463    83.360076    
994.307371    60.916476    
994.731661    66.660513    
996.051554    80.310507    
994.678191    72.538006    
996.105383    84.165620    
994.524640    73.060388    
994.840167    79.838042    
994.391420    79.869606    
993.631979    74.739010    
993.745724    78.325600    
995.287666    95.438928    
994.451196    83.060578    
994.648536    89.954579    
995.469962    91.475287    
994.090251    90.431107    
994.061503    86.735400    
994.210106    83.768004    
995.816559    92.718672    
996.470008    101.963566    
994.931611    92.079273    
995.267681    85.619726    
994.517464    79.328794    
994.209647    78.524627    
995.644106    90.150640    
995.184750    79.357093    
994.286039    73.454109    
993.955648    66.305830    
995.938543    78.488809    
995.044850    73.679937    
995.452995    78.687074    
994.367463    67.940406    
994.897455    73.223631    
995.083776    73.784059    
994.011760    59.207092    
995.657705    78.547999    
994.734091    66.006730    
994.514589    65.938950    
993.404167    59.054603    
995.818010    78.023938    
994.195833    65.592410    
994.454201    71.581346    
995.134419    71.895664    
993.456678    60.323042    
994.323607    65.494457    
995.277063    72.660684    
995.057619    71.928965    
995.760606    73.923765    
995.755404    71.302597    
995.979151    80.362668    
996.251424    79.715116    
996.415402    78.717061    
996.583618    79.735334    
994.841445    67.268648    
996.118116    78.214757    
995.116553    73.364892    
994.712984    72.939290    
995.903605    78.556091    
995.189066    78.850232    
994.660470    78.399538    
993.508732    71.616895    
994.362533    77.241765    
993.356492    72.017568    
991.715367    59.335916    
991.935936    65.490122    
992.307313    70.407588    
991.529947    70.488916    
991.753124    70.152398    
991.862069    71.278010    
994.248485    73.356505    
994.025816    66.805308    
994.844200    72.116784    
993.003417    51.055194    
994.714665    67.031899    
995.351894    79.191100    
994.479348    73.103638    
994.523737    66.674473    
994.036405    67.663420    
994.499810    67.573702    
993.454683    66.033207    
993.478014    71.761288    
992.960242    57.989909    
993.531593    66.710028    
992.287718    59.828801    
992.038185    59.226875    
992.551059    72.039229    
991.275549    65.979315    
991.074943    70.882523    
991.493000    75.560403    
989.712665    63.373742    
989.883642    63.588080    
989.255102    64.002512    
989.158034    64.268694    
989.084374    70.884782    
989.553707    68.798175    
989.206818    71.590621    
988.802577    65.301540    
990.221886    76.129565    
990.131011    78.176958    
989.868282    70.969687    
988.503030    58.455843    
990.309731    71.614022    
989.980689    65.638131    
992.242332    77.637945    
991.584091    66.286275    
992.543149    77.389387    
992.961771    80.049481    
992.704321    78.773765    
992.440061    79.152538    
992.734369    80.075639    
991.923369    77.624692    
991.333080    73.104431    
992.127086    79.349280    
991.056103    71.195924    
991.212879    72.187310    
989.500568    57.736317    
989.504921    65.581220    
989.837368    66.049826    
988.948126    65.373803    
989.052154    70.620805    
988.084310    64.474230    
987.303214    62.968666    
988.159546    70.816626    
987.656451    69.595241    
987.845369    70.514184    
986.597727    59.786453    
988.079077    69.630761    
987.639605    64.503266    
989.581439    70.838101    
989.286147    65.114473    
990.226014    73.099273    
989.623815    64.632425    
991.969330    77.816595    
991.903788    76.921200    
990.707419    58.832860    
992.591976    76.280162    
992.679939    77.688462    
991.939658    72.412338    
991.860553    71.656201    
992.016269    72.032632    
993.278366    77.338630    
993.744987    77.927909    
993.147938    78.541397    
992.185087    66.754628    
992.090462    70.829992    
992.676393    71.492134    
993.136742    72.840121    
992.908747    71.117661    
993.366868    71.731002    
993.180167    70.970482    
993.344058    71.092178    
993.719471    69.652646    
992.275066    57.908016    
993.513810    66.233893    
994.782691    76.591657    
994.805062    76.820899    
994.716717    75.546548    
995.133888    69.868124    
993.714556    65.473213    
994.164839    70.422323    
994.012098    69.457024    
993.486221    69.290008    
992.315411    63.462900    
992.112245    63.031239    
992.087335    62.858616    
991.788658    63.638116    
991.689864    62.386089    
991.702795    62.841421    
990.995840    68.616094    
990.323496    69.645995    
990.304051    65.585589    
989.621642    64.700099    
989.449905    70.114399    
989.972820    69.374741    
988.813233    69.649399    
989.231758    63.002886    
988.413011    62.619988    
988.601666    56.102124    
988.509655    57.232449    
989.726240    71.722310    
989.647126    65.069897    
990.558623    70.731080    
990.718075    75.970543    
991.268330    71.625025    
990.400908    64.844697    
990.842603    64.956438    
991.757278    70.489265    
991.234493    65.239541    
990.678544    59.465102    
992.548582    70.874817    
992.182987    78.054892    
991.286039    64.476335    
991.652042    72.040956    
991.939955    71.059524    
991.063186    72.841943    
991.765017    77.674317    
991.705191    78.352268    
990.473505    73.144638    
991.182197    79.335076    
990.682714    73.380502    
989.381369    59.133980    
990.741458    80.111774    
990.177005    78.727899    
988.819939    66.433175    
989.556229    78.486116    
988.103030    72.505580    
987.578628    72.637669    
985.817734    65.932594    
984.092628    71.407424    
982.509084    70.542674    
982.209690    64.463840    
976.298411    55.703809    
976.003785    53.736925    
975.409074    59.049668    
973.707040    44.416237    
973.643991    42.182363    
974.801737    53.592893    
979.850435    62.576904    
979.486742    55.711587    
982.412410    55.998603    
987.881350    65.786609    
989.502090    49.279297    
984.911086    55.656044    
984.530990    55.724707    
985.056248    68.212895    
982.579047    55.928866    
982.898075    62.544355    
982.243856    60.734825    
980.041604    44.277232    
978.743958    52.186882    
976.783447    44.596719    
975.160167    43.272440    
974.346183    44.607098    
972.294474    6.636413    
972.686792    40.444847    
971.952795    24.559419    
971.551737    32.846152    
972.025360    24.710813    
971.844991    23.651810    
973.241041    36.216849    
973.462236    36.143461    
973.847867    43.865721    
974.655198    34.985201    
974.483749    25.370369    
976.310566    45.577168    
976.534945    37.021403    
976.552284    43.673507    
977.156981    51.380793    
978.892790    52.544991    
978.284258    52.064371    
978.374906    45.294151    
978.112580    46.227957    
978.222894    46.080999    
977.683673    54.398088    
978.534065    54.289476    
977.420098    53.050677    
978.128070    60.309652    
976.003394    52.941532    
975.083837    36.590932    
975.228593    45.221737    
971.061887    25.269744    
970.530366    33.507631    
968.821820    22.393592    
968.475169    22.068408    
968.094127    5.569673    
967.906591    22.699418    
967.565611    24.556178    
967.467547    5.593855    
967.518505    5.215561    
967.394707    5.234462    
968.637188    33.863023    
968.685703    37.509383    
969.730464    51.393865    
969.715634    51.220721    
970.569917    57.772688    
969.999243    52.558390    
969.252460    46.233513    
971.270291    60.732861    
970.095725    47.120260    
970.758803    54.058614    
971.177963    61.862437    
970.817391    55.706464    
970.625521    56.437453    
971.131798    61.454804    
970.979970    60.751498    
970.811178    59.570833    
970.036309    53.570667    
970.600680    60.828839    
970.757851    61.486957    
970.616345    62.453079    
970.465002    55.247394    
970.199622    61.622795    
970.535903    60.650991    
969.827860    51.485291    
969.102041    43.452629    
969.464677    45.132573    
968.042706    25.356716    
968.708459    45.251325    
966.846299    24.228647    
967.507547    32.472551    
967.395113    33.317101    
965.622180    4.986873    
965.731102    4.563898    
966.048247    31.235713    
966.224490    23.497549    
967.069917    53.841829    
966.791146    47.353992    
967.284039    54.328363    
966.631241    54.713203    
966.687997    53.589118    
966.290689    52.243261    
966.440409    52.912071    
966.410451    46.076181    
967.363327    59.005834    
966.624197    52.949733    
967.524224    65.381385    
965.833523    44.640349    
965.926108    50.642086    
966.766086    51.182953    
965.813989    42.634892    
965.981096    43.564814    
966.201814    51.310985    
965.876842    35.919462    
965.954305    37.342921    
966.460870    43.784337    
965.368342    25.298220    
965.971256    36.373097    
966.464475    35.945559    
966.507361    44.426840    
967.160681    44.718260    
966.652552    44.057222    
966.987519    51.486667    
966.704236    45.086623    
967.279940    54.066909    
967.746601    60.323464    
967.647882    54.806478    
967.123013    54.927648    
966.649773    45.907391    
967.284203    60.930751    
966.227101    47.834854    
966.926654    54.899350    
965.137618    36.648166    
966.398564    58.974047    
965.678261    54.026659    
966.053010    52.126171    
965.028366    45.565230    
964.631420    44.561349    
963.639864    34.751061    
963.659743    36.565684    
963.200982    25.371327    
961.715742    5.041128    
961.829186    4.884473    
961.286898    4.854021    
960.534919    23.854955    
960.601433    25.906810    
960.900642    34.819709    
961.506430    45.071564    
962.404762    52.293598    
962.550095    60.424655    
961.604766    45.952164    
962.423921    60.537690    
962.687713    56.434113    
963.891994    62.379646    
963.754061    63.532633    
964.332704    56.240843    
965.006047    65.967198    
964.086891    53.864127    
964.870615    52.847391    
964.528523    51.037219    
964.550566    52.413133    
963.166415    51.032803    
963.221509    22.250690    
961.735194    24.159723    
962.026425    24.463809    
962.246519    32.266669    
961.311228    25.674950    
961.190494    23.609044    
960.760287    23.049922    
960.450662    4.799134    
960.713530    25.359508    
960.477127    26.337477    
962.743309    49.201633    
961.828615    43.991944    
962.755849    51.253919    
962.738769    43.280971    
962.748112    25.618313    
962.627266    25.051933    
963.977778    44.014275    
