2052.391676    25.400007    
2059.759872    21.930106    
2060.503198    26.826945    
2061.003195    23.151007    
2061.661686    26.049328    
2061.630064    24.247274    
2057.924307    26.339258    
2064.946695    29.367630    
2056.891142    27.048336    
2057.159018    26.405089    
2054.832444    26.487118    
2056.590181    26.224233    
2057.923159    25.844632    
2062.166489    27.101336    
2063.168803    26.233284    
2056.193170    22.331213    
2056.814499    24.643335    
2056.931697    29.806592    
2057.692964    25.611780    
2059.553419    24.945910    
2053.989305    23.720699    
2060.027719    25.528096    
2063.040598    25.592977    
2051.735326    27.790579    
2057.730769    24.134332    
2061.965921    22.192039    
2054.702241    28.810793    
2052.337247    28.938780    
2050.584845    31.721364    
2052.167556    28.353702    
2048.815565    31.064708    
2052.505870    28.514712    
2053.524520    29.592865    
2051.313767    24.094614    
2049.441836    25.019375    
2052.437567    25.271643    
2049.964819    26.421381    
2045.932836    31.539206    
2051.605544    30.436379    
2045.762821    26.631213    
2046.441365    28.845949    
2042.100320    30.573748    
2048.954158    29.356587    
2047.239872    29.392010    
2047.059701    32.697011    
2047.140725    27.652146    
2050.002132    27.613538    
2048.494130    26.606228    
2049.186567    30.307633    
2039.647812    30.541638    
2051.074707    26.986513    
2054.271078    27.529380    
2046.108858    31.234796    
2051.055496    29.910380    
2047.409819    28.924378    
2043.235608    29.665422    
2047.268943    25.250807    
2035.211087    34.534217    
2042.364606    31.379466    
2049.055437    26.542984    
2053.535181    26.845037    
2038.729211    32.158410    
2046.049093    27.505462    
2048.005330    32.221994    
2045.296692    29.444148    
2054.910448    33.300699    
2043.261981    31.253840    
2049.888060    30.192758    
2047.105431    24.584352    
2046.894456    24.923904    
2052.816631    27.529253    
2054.428115    23.907968    
2044.271565    27.112784    
2050.115957    25.673696    
2050.974414    26.739232    
2053.356763    23.278503    
2048.169510    25.616660    
2042.817891    25.942754    
2052.468517    29.973794    
2045.589114    24.323478    
2050.892324    21.928507    
2045.663472    27.403110    
2045.583600    29.493997    
2048.875399    23.868035    
2047.160809    29.207872    
2054.048988    24.960240    
2053.084132    24.303380    
2043.703940    27.589214    
2050.726013    23.772881    
2047.769968    26.939966    
2048.751064    27.387366    
2056.907348    27.177814    
2053.746539    27.921037    
2047.331915    25.890573    
2051.215957    31.199924    
2050.924388    28.386231    
2055.763578    22.336365    
2047.846645    25.018330    
2052.688699    29.412280    
2057.498403    24.244423    
2049.279787    24.748811    
2051.970149    27.085098    
2054.119276    29.248825    
2052.693617    24.530480    
2061.578275    27.713946    
2049.183174    28.778884    
2055.083067    25.883896    
2060.802982    24.206789    
2050.978701    25.420543    
2052.229211    25.782255    
2060.814696    26.031638    
2053.522388    23.271413    
2054.129136    24.872554    
2063.201708    20.392072    
2051.663821    27.143185    
2053.282516    24.274772    
2057.030950    26.323010    
2048.903949    28.035146    
2053.981876    26.169178    
2051.901814    29.432102    
2054.291045    26.167240    
2049.431770    24.250253    
2051.924226    25.902115    
2054.574627    21.055447    
2054.269723    21.047635    
2051.220682    28.374651    
2045.290288    25.932740    
2055.110993    22.924321    
2047.757996    29.139728    
2056.052295    23.979991    
2054.260406    24.999434    
2046.455710    24.590269    
2045.542735    27.341077    
2044.147279    27.777813    
2049.798507    24.547524    
2054.710021    24.973998    
2047.256137    25.548676    
2039.959445    30.592102    
2051.926361    23.756455    
2053.924226    23.483949    
2048.665955    23.589753    
2051.019210    26.746082    
2050.420043    27.631996    
2054.960512    21.842249    
2048.315565    30.509018    
2048.409382    27.540488    
2044.590181    29.350904    
2041.931697    26.647940    
2046.081110    26.938323    
2050.335112    23.397652    
2047.570971    25.893912    
2042.877268    30.848217    
2051.979744    21.975675    
2044.996798    25.128421    
2035.197439    26.922365    
2047.071429    23.220235    
2047.011740    23.477660    
2045.343650    23.088742    
2040.095949    25.196781    
2041.894456    25.148059    
2042.995731    22.362063    
2038.472843    27.027183    
2043.920128    23.723941    
2042.961580    23.738135    
2043.018143    27.868243    
2043.114072    25.250320    
2038.983991    24.812569    
2042.698616    23.099030    
2044.588924    25.724628    
2043.061768    27.874365    
2045.832623    24.549083    
2044.394036    28.364961    
2048.606610    26.919089    
2041.300640    25.260460    
2049.998934    24.973696    
2049.194030    22.530545    
2042.855011    29.024331    
2049.453092    29.484383    
2051.498403    29.008551    
2053.415335    24.997934    
2047.734542    30.810911    
2048.116205    26.724854    
2049.837061    24.420876    
2051.111821    24.917441    
2048.817891    25.022670    
2042.904051    30.675226    
2050.532481    26.262332    
2046.317359    28.120943    
2046.761448    23.917246    
2044.349308    24.752866    
2045.055378    26.132274    
2048.480298    21.811282    
2041.038339    22.981324    
2043.124601    26.207260    
2048.596379    21.719581    
2047.183174    29.043805    
2047.367412    22.944445    
2043.745745    25.311595    
2044.286475    28.621989    
2040.708200    29.771620    
2043.474468    28.069981    
2042.805112    23.776993    
2038.990446    29.354935    
2045.295309    22.030440    
2043.647184    26.000304    
2054.468584    23.095021    
2049.697551    26.061819    
2049.832801    28.467547    
2043.947817    26.943724    
2049.318424    25.579415    
2053.332979    24.194047    
2043.048884    27.248137    
2046.766773    25.816753    
2035.023404    26.526652    
2042.023429    26.629023    
2039.187433    31.104465    
2037.751064    26.408931    
2042.038339    23.428922    
2045.137380    24.530507    
2040.920128    30.442162    
2041.184435    28.405326    
2049.916933    24.555072    
2051.273695    23.269287    
2046.827476    22.517442    
2050.270213    19.795480    
2046.005325    23.022306    
2058.799787    23.792732    
2051.654952    26.704995    
2044.167199    22.252993    
2046.701810    22.829518    
2049.101171    22.538416    
2046.157447    23.488311    
2043.442553    27.534580    
2046.459086    25.015313    
2049.204038    24.484718    
2041.872340    22.599583    
2047.586610    23.479799    
2042.640426    25.490684    
2051.755319    26.061542    
2045.500532    24.341175    
2045.858511    26.164174    
2036.357067    24.823758    
2033.063762    32.367841    
2038.635494    27.348539    
2049.066879    22.982380    
2047.020191    23.514904    
2040.398936    27.878982    
2039.270988    26.016750    
2040.492030    21.924787    
2038.626993    29.588967    
2046.206164    24.821060    
2038.831210    31.178347    
2037.894793    23.815680    
2044.294681    29.095064    
2046.793836    24.839421    
2035.523911    25.427873    
2043.234043    26.936381    
2040.184910    25.624316    
2029.563830    22.039017    
2034.934183    26.039736    
2035.074389    30.365167    
2030.201699    23.575052    
2036.248408    25.134878    
2031.136943    29.555578    
2033.697452    28.704564    
2040.011690    28.881172    
2035.416136    27.505315    
2031.455414    24.638353    
2040.356688    24.804547    
2030.680851    25.331258    
2042.904459    26.670025    
2039.073326    25.596184    
2030.271762    29.437732    
2038.955367    27.996093    
2035.365180    20.945597    
2037.337580    25.345734    
2030.109342    22.981663    
2036.729012    23.077007    
2038.454255    26.671385    
2038.098936    27.145114    
2032.535600    31.793403    
2031.665250    30.867919    
2044.702444    25.496862    
2031.296493    31.949520    
2039.633369    28.858600    
2040.971307    26.465871    
2034.067021    29.930465    
2040.658874    25.964201    
2038.635881    29.745311    
2042.454352    22.187809    
2040.376196    25.577264    
2040.090234    25.359859    
2035.632696    29.184218    
2044.239915    24.001632    
2037.746285    29.918544    
2038.296178    27.545569    
2039.950106    30.267573    
2036.018047    30.875352    
2042.252654    31.357805    
2036.683652    25.659326    
2037.085016    30.063892    
2038.889597    27.035333    
2035.531847    29.381497    
2036.173036    26.936680    
2041.012752    30.346106    
2030.928799    27.635325    
2044.460722    26.448766    
2032.961783    29.748104    
2038.526036    31.121896    
2036.759023    27.409304    
2038.021231    26.322747    
2032.115711    28.151855    
2040.354565    24.091421    
2031.180467    28.228355    
2030.489384    31.173261    
2035.820404    27.659433    
2033.251592    26.040459    
2031.617834    24.091131    
2025.832272    31.010092    
2041.700637    25.301695    
2036.878852    28.728163    
2034.708068    28.674887    
2038.129512    26.653438    
2033.447983    25.040497    
2041.305732    23.097319    
2032.020170    26.973932    
2030.477707    24.699919    
2030.457537    24.303237    
2029.370488    33.831192    
2029.749469    26.731560    
2031.770701    34.248413    
2036.143312    27.718130    
2038.894904    21.614913    
2038.257962    28.056175    
2033.035032    26.727250    
2035.112527    29.664974    
2038.352442    22.828377    
2039.419321    29.749866    
2033.882166    26.692157    
2031.909766    26.094539    
2042.430998    26.778343    
2023.727176    28.164456    
2034.494155    26.269332    
2038.693206    24.532364    
2036.295117    27.930228    
2043.334750    23.699625    
2032.920213    25.055237    
2038.779193    26.269307    
2040.837580    25.322006    
2040.733546    26.084220    
2034.343252    28.441116    
2033.371550    28.207563    
2040.528662    24.186877    
2037.549894    25.002360    
2048.841826    25.615967    
2049.335813    27.931674    
2040.406582    23.775830    
2037.036132    23.326559    
2045.191083    26.501965    
2040.638004    29.110879    
2043.955414    27.528987    
2046.353503    27.085876    
2047.484076    23.189592    
2042.139214    26.888615    
2038.946865    27.562109    
2039.438429    25.690216    
2043.088110    26.789018    
2046.311040    25.370668    
2049.984060    27.866327    
2047.123142    26.847207    
2045.652866    24.664920    
2040.439490    28.452181    
2037.950106    26.167488    
2042.320594    22.759081    
2052.012739    23.060104    
2038.412951    29.054717    
2047.766454    25.675515    
2040.298301    23.164674    
2049.236730    26.813150    
2046.496815    26.780770    
2042.814225    27.313010    
2046.093418    25.007298    
2046.271474    26.263703    
2043.426752    26.376791    
2048.118770    29.504007    
2053.769639    24.624893    
2044.808917    29.757434    
2042.114650    25.143571    
2037.261146    26.882416    
2043.010604    28.992190    
2041.326964    26.054599    
2051.294804    26.501446    
2042.413574    25.094450    
2040.679745    24.513145    
2039.510074    24.936519    
2041.972428    24.638151    
2038.884411    24.647513    
2036.690021    26.201317    
2041.460722    26.068912    
2034.353503    26.574401    
2043.114650    24.427970    
2037.731423    27.672659    
2034.511677    26.603030    
2026.908705    28.905772    
2032.973489    23.815443    
2038.941614    23.745953    
2041.917109    21.688392    
2035.282378    26.718531    
2041.711253    24.672321    
2032.150583    30.609514    
2038.129512    27.586386    
2039.031847    25.909057    
2034.018047    27.634341    
2035.179406    28.271896    
2035.197662    28.863327    
2038.249469    26.781699    
2042.826964    22.287991    
2034.559915    28.037817    
2036.287686    25.135705    
2031.823966    30.512324    
2039.831210    28.805781    
2035.795334    27.354115    
2042.138004    27.697909    
2040.950106    29.287735    
2031.493631    29.133077    
2033.871550    31.340596    
2038.309979    30.373707    
2038.490986    25.301065    
2041.136943    24.208519    
2022.216561    27.950856    
2035.358130    30.105594    
2046.646497    26.803509    
2039.770701    27.645436    
2032.829087    25.054367    
2032.025478    29.074459    
2033.231423    30.879320    
2033.328738    30.623775    
2037.667373    27.952888    
2041.525981    29.660309    
2024.674788    28.355102    
2039.297985    28.765761    
2041.456568    31.360942    
2037.300425    20.799058    
2039.003181    22.838568    
2034.812500    28.326034    
2037.503712    25.316025    
2032.014831    25.136825    
2038.320975    26.908385    
2028.439619    27.892434    
2035.859110    31.648665    
2028.392781    24.889366    
2031.616525    31.531784    
2033.811241    26.339017    
2039.616525    28.728662    
2029.053022    28.686541    
2037.836691    23.769011    
2026.608051    29.706990    
2029.658174    26.669916    
2038.257415    30.252056    
2032.176034    26.669510    
2028.428420    27.594068    
2025.532839    27.730219    
2028.389183    26.797267    
2035.758218    25.324969    
2031.064756    24.124039    
2033.659236    24.367359    
2031.607635    27.322799    
2035.620361    34.055100    
2027.339343    23.841679    
2035.485684    26.196977    
2035.395966    24.561749    
2032.185578    26.928020    
2030.107105    27.793096    
2033.285866    31.194738    
2034.030753    22.117686    
2029.533970    26.632205    
2031.530786    28.525785    
2030.098621    29.368790    
2033.505832    27.830987    
2033.840764    25.999104    
2035.668790    26.185778    
2025.885350    25.221853    
2024.556263    30.447590    
2040.282078    25.832788    
2033.361996    23.192620    
2022.381104    31.210813    
2035.485138    28.451271    
2033.878981    26.770199    
2030.069002    31.616003    
2028.142251    31.296591    
2032.126193    28.624604    
2034.543524    30.031507    
2044.285563    26.437247    
2038.361996    22.828391    
2033.351380    27.001547    
2030.813163    26.356270    
2029.818278    32.034485    
2036.162420    32.399807    
2032.061571    28.828073    
2039.248408    30.367982    
2037.250531    25.921875    
2035.419321    29.216255    
2033.175159    29.652734    
2029.619958    29.597009    
2041.793836    28.097220    
2042.936306    22.384693    
2038.297240    26.736680    
2038.958599    25.736072    
2043.501591    27.668883    
2042.186837    27.997519    
2038.831389    26.460924    
2026.235669    29.052768    
2038.739130    25.126695    
2035.617179    26.834294    
2032.808059    32.271224    
2044.448093    27.871137    
2048.446448    25.453991    
2039.835805    26.440402    
2051.251326    25.625731    
2041.049788    24.989842    
2033.116525    28.398294    
2041.215270    27.964553    
2040.654295    25.847979    
2045.045551    24.980523    
2046.471898    25.920201    
2040.044539    25.251568    
2039.242842    28.573126    
2045.976670    26.335938    
2044.458686    24.609544    
2043.664195    25.922647    
2040.638388    27.236128    
2032.770127    31.622996    
2035.418432    29.967067    
2041.997881    31.379342    
2045.938559    27.812105    
2041.644068    24.523692    
2044.858051    26.348604    
2038.644068    26.649371    
2032.900529    28.264972    
2038.162076    24.562791    
2040.742585    26.984193    
2038.325212    26.960524    
2039.669492    24.015595    
2034.971398    26.207820    
2038.748941    25.270853    
2031.246822    28.278493    
2034.324153    25.730324    
2033.796394    29.868551    
2029.984076    26.872680    
2042.677966    27.080234    
2039.275132    24.238027    
2024.612288    26.121418    
2039.818664    25.651304    
2040.377519    22.050689    
2032.038217    22.437046    
2036.657113    26.118712    
2027.440552    27.009831    
2033.422505    28.523724    
2026.328738    28.851654    
2034.989396    26.344884    
2033.282378    28.985920    
2038.985154    24.529070    
2033.303609    27.053952    
2038.326964    22.172009    
2025.780255    34.518334    
2036.430541    25.325646    
2034.338282    30.845544    
2035.547190    28.411714    
2030.399788    25.506664    
2035.440085    28.625797    
2032.524920    28.270568    
2027.056144    29.240891    
2039.039195    28.282577    
2039.289502    25.784077    
2027.013786    22.717100    
2034.914104    28.646121    
2039.708378    28.127471    
2036.322375    26.845696    
2037.469777    26.756133    
2036.777542    23.212296    
2031.352442    25.303403    
2038.778132    25.741872    
2026.921444    28.075803    
2018.384289    32.424875    
2039.397246    22.535942    
2028.432059    30.167317    
2032.057325    26.236126    
2025.308590    28.953197    
2027.613588    26.582111    
2037.690755    29.545782    
2028.511677    30.462280    
2031.477754    27.149218    
2026.921527    29.064527    
2032.626059    27.728729    
2031.569915    30.384042    
2026.915164    26.437289    
2028.444327    30.457745    
2034.000000    29.500076    
2023.799363    24.334346    
2031.129374    29.743125    
2027.872611    27.618202    
2036.057264    29.655300    
2035.339343    27.017166    
2031.277837    25.797301    
2029.887831    28.453213    
2038.705508    23.450185    
2040.854873    23.927838    
2029.542373    23.392024    
2020.333686    26.368395    
2031.301907    28.034463    
2032.345339    23.855973    
2029.380700    25.904186    
2030.217161    28.841995    
2024.418432    27.229520    
2027.083864    28.579950    
2028.826964    29.750677    
2028.385350    26.184449    
2021.486200    24.699883    
2029.014862    24.697400    
2021.248144    24.148268    
2025.504772    27.234221    
2032.103924    26.187589    
2031.535525    26.669148    
2030.745763    26.939885    
2023.454449    24.658774    
2030.790254    23.401264    
2030.471898    29.875617    
2036.918432    28.257906    
2024.406780    25.290804    
2028.246822    27.900996    
2027.403602    27.984394    
2020.677625    28.655226    
2024.096603    32.708262    
2038.541314    26.844230    
2036.752654    26.305275    
2032.007423    22.682019    
2030.232238    31.493744    
2026.287381    29.811446    
2039.490986    28.872956    
2035.834746    26.716818    
2035.091102    28.087035    
2035.439619    25.329033    
2037.690678    26.228496    
2026.922751    27.236751    
2030.825212    31.484025    
2030.541888    25.094099    
2033.010593    29.032928    
2038.183263    27.370676    
2034.408271    25.032869    
2037.622881    23.278567    
2030.196182    26.941370    
2029.447034    27.720712    
2030.997879    25.161367    
2029.752916    23.717930    
2030.116402    30.669620    
2029.110053    24.143367    
2027.300106    26.089577    
2037.587924    28.376791    
2027.565079    32.215351    
2036.211864    26.389392    
2030.804025    29.770747    
2032.704883    23.428890    
2025.538706    27.011414    
2027.340741    29.439136    
2025.469280    26.333043    
2026.501059    32.020385    
2034.466596    28.678174    
2036.802757    27.447073    
2034.507415    31.188668    
2033.387063    25.876076    
2033.539195    28.666008    
2027.715801    30.448953    
2033.592789    25.009259    
2026.854873    31.650922    
2032.888771    24.797129    
2035.082627    22.854494    
2037.100636    26.180911    
2018.547090    25.984777    
2025.903397    32.118084    
2029.958730    30.541452    
2028.215042    24.580406    
2026.223280    25.813738    
2029.794709    26.533002    
2024.911111    27.471438    
2025.438095    27.170919    
2033.955556    28.462472    
2028.204449    28.370273    
2029.337222    29.580502    
2024.023305    26.621115    
2023.628571    26.636424    
2021.348517    28.632837    
2023.211640    25.976458    
2025.512195    30.973283    
2010.523810    26.790461    
2022.995767    22.749010    
2028.734110    24.524466    
2020.468783    29.251027    
2018.736508    22.265008    
2020.161905    24.534270    
2006.269556    26.615822    
2010.443386    26.360007    
2012.631746    24.080549    
2028.006349    29.522728    
2006.705820    30.907718    
2015.498413    28.615759    
2012.394709    25.119814    
2020.680423    27.245804    
2017.794709    25.017585    
2014.742857    23.374895    
2007.816737    26.399339    
2012.765079    28.357652    
2015.451852    27.843365    
2019.152381    25.319672    
2031.858201    23.139855    
2022.001058    29.906433    
2002.828390    25.507937    
2006.536017    28.970082    
2022.914195    29.270184    
2017.240466    22.479096    
2017.170551    29.099944    
2021.091102    30.277183    
2012.117460    30.434698    
2018.686441    23.603881    
2011.471958    28.661120    
2018.082540    30.310415    
2016.038095    32.584455    
2015.365466    29.193410    
2013.882540    29.067627    
2010.934392    24.554139    
2009.222458    24.453763    
2015.297669    24.940934    
2015.508995    29.398272    
2009.893122    28.016023    
2011.772004    29.190020    
2017.718982    24.596263    
2007.741799    24.471233    
2010.445975    26.329183    
2015.167196    24.848825    
2008.013757    28.093623    
2012.813953    26.979110    
2005.426004    23.999236    
2012.964097    25.791520    
2006.076110    26.309279    
2010.967230    27.044517    
2018.362196    23.493529    
2019.290698    23.910577    
2021.898520    26.806216    
2017.355180    25.972637    
2025.969345    26.721888    
2016.329101    29.944687    
2022.409524    28.796430    
2022.022222    24.266172    
2012.851852    26.632940    
2023.065608    28.402771    
2020.133333    30.665445    
2030.057143    25.946524    
2018.194915    26.120324    
2023.737566    27.343918    
2028.403602    29.496395    
2027.320635    28.211556    
2020.161017    28.438857    
2030.705820    26.271884    
2037.021164    30.231900    
2026.960847    29.884673    
2028.205508    28.496322    
2027.783898    31.539522    
2028.096501    26.348634    
2026.111347    38.516379    
2027.782839    28.944762    
2031.243902    30.395308    
2035.788136    27.538217    
2027.204666    27.414951    
2016.287381    28.100394    
2031.909862    27.136537    
2035.639449    24.543411    
2025.764831    29.078863    
2023.058263    29.915945    
2029.563559    21.038509    
2032.240466    27.518530    
2025.606992    25.759012    
2027.569915    28.072345    
2024.485684    28.038104    
2021.047720    29.529195    
2023.777778    27.988307    
2021.992585    27.476086    
2025.110053    28.577205    
2015.619703    27.974119    
2025.813559    29.241600    
2015.690678    28.614505    
2019.285563    29.662650    
2023.875000    31.617638    
2024.473517    27.779003    
2032.193856    30.071904    
2013.676221    30.749316    
2024.681481    29.019700    
2031.919492    27.018706    
2026.686772    28.270861    
2023.557672    28.285938    
2016.490986    26.458468    
2016.273016    29.018213    
2020.966102    27.204322    
2026.296610    32.622373    
2020.253700    29.148289    
2018.929101    25.678605    
2025.275132    24.159402    
2025.332275    29.274538    
2010.094180    23.773727    
2018.520635    24.780002    
2015.635979    27.194669    
2011.348148    26.846703    
2018.935381    30.314053    
2002.951323    29.141504    
2014.031746    27.030084    
2020.487805    27.664127    
2009.242585    29.045323    
2010.889831    28.773931    
2007.718220    28.340601    
2014.534464    25.381764    
2008.123941    29.080151    
2013.906878    24.038809    
2012.074153    26.664401    
2019.222694    28.522865    
2015.662434    26.934593    
2023.235169    31.636103    
2024.765890    23.499623    
2018.236229    22.590410    
2013.906681    23.159134    
2015.901379    29.489539    
2026.460805    26.265321    
2020.073171    30.607216    
2019.458686    27.659407    
2029.407839    27.724698    
2026.518519    30.150064    
2019.704136    27.441762    
2016.127119    31.594705    
2030.727754    27.503178    
2019.052966    23.560717    
2022.507415    28.744674    
2011.608696    26.670898    
2013.372216    30.089833    
2020.226935    31.286543    
2013.689619    28.564676    
2013.222458    28.028800    
2018.983069    32.766510    
2017.898413    25.394543    
2022.283598    31.506512    
2019.773305    28.280366    
2014.436441    25.655809    
2011.402116    28.498681    
2018.876190    25.659441    
2014.104873    24.374084    
2018.574153    27.471110    
2005.976695    28.245809    
2007.147402    23.128222    
2011.846398    26.695290    
2003.550847    24.968318    
2016.849417    26.538805    
2005.176907    29.041420    
2012.358730    24.128654    
2016.775661    24.238463    
2018.693122    31.005632    
2015.233862    25.011475    
2009.515344    23.496618    
2013.148148    30.533341    
2000.253968    31.794629    
2019.779661    32.777954    
2023.851852    28.492146    
2007.966138    25.206007    
2016.315678    29.860479    
2012.872747    27.738835    
2015.752916    29.925100    
2011.240212    32.000735    
2003.568399    26.289750    
2014.554613    30.406419    
2011.244963    26.058390    
2012.649364    25.911088    
2014.632415    27.384222    
2015.462354    30.715891    
2018.427966    26.055618    
2029.193001    24.946791    
2015.218220    25.886139    
2010.127253    26.489573    
2022.144221    26.872670    
2018.836864    28.783250    
2018.821656    29.042798    
2030.990456    26.982711    
2025.798515    27.835102    
2026.046610    24.092863    
2023.969247    31.597551    
2011.482503    23.807452    
2025.161017    30.314865    
2019.448093    31.295906    
2022.854873    29.009516    
2017.161188    22.555164    
2027.456085    28.129151    
2027.135593    29.118050    
2026.260593    26.911183    
2028.282540    28.405744    
2028.608696    22.629868    
2023.800000    27.747409    
2008.803818    24.711672    
