4205.337963    119.336482    
4198.708333    117.119095    
4142.745370    121.261521    
4138.041667    125.234791    
4159.851852    145.116640    
4233.513889    164.644201    
4062.870370    150.960051    
4252.537037    158.382824    
4208.564815    110.674680    
4182.245370    130.414120    
4149.537037    93.092539    
4231.037037    156.949002    
4273.398148    176.823276    
4137.560185    124.174258    
4181.486111    132.210024    
4182.319444    129.119077    
4212.685185    129.251846    
4219.773148    121.370909    
4174.240741    122.538495    
4214.097222    98.404893    
4230.430556    154.089995    
4247.342593    139.468645    
4129.000000    129.645421    
4194.314815    132.286876    
4190.675926    130.499065    
4219.972222    107.210114    
4180.754630    127.679213    
4209.013889    152.205589    
4231.379630    116.528110    
4106.078704    148.258403    
4188.893519    141.085287    
4273.129630    121.038530    
4229.995370    123.300615    
4199.101852    111.498832    
4206.680556    118.064973    
4213.305556    156.315739    
4258.518519    169.724312    
4285.555556    131.536281    
4184.675926    133.904217    
4199.032407    169.456358    
4218.634259    120.702537    
4186.254630    144.067066    
4211.750000    121.917179    
4258.412037    126.764698    
4210.050926    179.172073    
4169.523148    131.774953    
4222.884259    149.004196    
4236.759259    175.328415    
4286.569444    167.464769    
4247.092593    112.516751    
4211.629630    93.714459    
4192.763889    195.234415    
4156.189815    119.800668    
4190.606481    140.197670    
4182.736111    119.132434    
4211.203704    128.163109    
4187.902778    122.315488    
4228.675926    138.927928    
4293.949074    126.039464    
4351.175926    175.518640    
4227.208333    98.725011    
4224.935185    192.150056    
4233.851852    124.776639    
4156.699074    106.704061    
4170.856481    147.437566    
4127.217593    118.701594    
4140.513889    100.643806    
4190.180556    188.887287    
4233.287037    143.072311    
4152.518519    95.474932    
4211.842593    94.995581    
4202.166667    100.869599    
4192.194444    134.634516    
4208.412037    145.798255    
4142.787037    104.260851    
4248.037037    115.769201    
4154.643519    151.645352    
4171.935185    153.019835    
4218.296296    128.539716    
4137.828704    151.360782    
4184.592593    105.682354    
4200.236111    140.717522    
4223.523148    150.907991    
4175.282407    120.108164    
4127.490741    123.885662    
4193.041667    114.907665    
4164.800926    116.649888    
4148.615741    103.749411    
4161.268519    106.057296    
4162.916667    150.954011    
4198.939815    141.261188    
4160.324074    138.107133    
4159.388889    119.681083    
4196.574074    129.302953    
4109.097222    92.874292    
4246.115741    127.779217    
4228.222222    175.990653    
4269.333333    140.011706    
4254.129630    151.063519    
4126.148148    121.973609    
4187.101852    125.861692    
4199.162037    150.666533    
4178.439815    154.568653    
4184.907407    122.747183    
4165.074074    119.790844    
4251.138889    148.668065    
4158.592593    122.576094    
4162.976852    123.013528    
4142.694444    92.442521    
4172.995370    164.329826    
4218.379630    168.377839    
4155.088372    110.562270    
4211.050926    161.813285    
4142.888889    98.821091    
4206.657407    90.279982    
4157.305556    117.744738    
4240.407407    129.960217    
4119.384259    118.460829    
4231.500000    131.405966    
4168.504630    131.630656    
4225.222222    125.902802    
4178.388889    111.735910    
4126.671296    93.337392    
4261.629630    161.742313    
4242.611111    124.830688    
4136.620370    153.034414    
4175.569444    134.389273    
4136.458333    126.572436    
4209.175926    118.189610    
4163.611111    103.153817    
4188.291667    74.013157    
4236.842593    130.826621    
4199.680556    168.293050    
4196.990741    180.073442    
4188.972222    127.092082    
4110.814815    127.429694    
4208.939815    95.825609    
4163.546296    155.178117    
4155.819444    134.585784    
4161.175926    160.615069    
4156.277778    143.733153    
4146.208333    115.518910    
4237.750000    121.255288    
4222.981481    125.838924    
4117.888889    105.450650    
4171.074074    121.663486    
4089.134259    112.689041    
4154.875000    104.256753    
4240.513889    114.061467    
4120.875000    131.094072    
4168.625000    138.870787    
4109.453704    134.934784    
4168.004630    147.070860    
4202.958333    135.249540    
4138.625000    96.318257    
4121.634259    134.350118    
4137.546296    147.088181    
4127.185185    135.532977    
4225.296296    105.219590    
4279.597222    277.217590    
4182.250000    117.854401    
4173.444444    94.116440    
4142.439815    103.024296    
4107.342593    119.699675    
4098.819444    75.179906    
4214.810185    176.223779    
4110.833333    129.003661    
4154.685185    84.923511    
4151.601852    101.300336    
4032.106481    138.336288    
4132.439815    108.975388    
4158.518519    128.239142    
4124.532407    73.934586    
4109.046296    127.167641    
4173.712963    99.990375    
4228.851852    98.119147    
4161.671296    122.004282    
4129.560185    106.809393    
4121.708333    102.270670    
4155.981481    112.945946    
4134.402778    115.306916    
4149.300926    80.859373    
4186.310185    102.710403    
4152.055556    97.125428    
4106.087963    98.720925    
4145.004630    99.352976    
4214.629630    144.994546    
4212.106481    125.954771    
4257.990741    151.840773    
4195.625000    142.957172    
4141.500000    123.743126    
4216.597222    151.327948    
4175.995370    111.544066    
4092.412037    122.444249    
4145.351852    123.457506    
4082.657407    112.044358    
4195.041667    196.213775    
4083.962963    88.806325    
4209.550926    129.770514    
4178.060185    149.076854    
4089.314815    102.631862    
4134.143519    126.904283    
4162.518519    119.223528    
4195.986111    165.262991    
4166.791667    170.108321    
4115.930556    117.603224    
4164.069444    106.723595    
4120.490741    135.420299    
4210.981481    151.075311    
4227.472222    167.627699    
4232.819444    133.378915    
4225.523148    104.358532    
4272.342593    150.112468    
4246.421296    158.275847    
4119.495370    128.470453    
4116.194444    119.721278    
4180.800926    119.203227    
4133.652778    119.946303    
4162.523148    104.883619    
4125.564815    112.291145    
4189.791667    111.226613    
4131.435185    112.891235    
4232.486111    129.460847    
4170.893519    136.541381    
4146.773148    79.183328    
4135.777778    150.740661    
4215.375000    128.718193    
4209.314815    118.731930    
4231.824074    138.529936    
4121.865741    114.004124    
4140.740741    152.360918    
4139.597222    130.730178    
4094.356481    119.981278    
4147.023148    130.522789    
4197.273148    150.828160    
4149.097222    136.318034    
4189.078704    139.168724    
4160.518519    168.512115    
4162.759259    116.952061    
4160.222222    147.387329    
4198.319444    116.977818    
4150.037037    126.326255    
4200.949074    123.736736    
4130.787037    137.352011    
4178.074074    97.222083    
4182.462963    118.231954    
4122.736111    154.863619    
4123.546296    105.950450    
4280.296296    144.504182    
4143.532407    172.058100    
4182.226852    121.289176    
4111.365741    95.034012    
4201.300926    119.192644    
4114.097222    129.810991    
4073.606481    115.783434    
4185.250000    122.550906    
4227.634259    143.591629    
4156.555556    110.984303    
4199.597222    138.787407    
4099.671296    109.755614    
4171.013889    111.575314    
4153.138889    121.510437    
4150.967593    129.102758    
4191.087963    118.573023    
4149.305556    112.985656    
4227.587963    119.267873    
4106.962963    102.729592    
4104.518519    126.349309    
4130.305556    104.008543    
4214.777778    126.252931    
4157.856481    100.273481    
4170.032407    115.573104    
4103.467593    98.987648    
4243.976852    119.765413    
4115.555556    126.307116    
4228.203704    116.998873    
4175.407407    138.437146    
4125.578704    88.047932    
4178.439815    110.390955    
4146.652778    112.043414    
4144.736111    159.546782    
4123.444444    91.980154    
4141.671296    102.939790    
4190.287037    105.647304    
4154.583333    148.789475    
4050.199074    115.720897    
4218.305556    146.512732    
4140.671296    108.764179    
4066.064815    109.058579    
4139.462963    118.169756    
4199.634259    137.156509    
4159.541667    125.443392    
4148.300926    113.342554    
4211.560185    130.419857    
4153.101852    100.219707    
4232.490741    139.261012    
4160.421296    132.911845    
4138.847222    108.412449    
4121.000000    109.869788    
4103.134259    130.574427    
4120.347222    103.134104    
4125.578704    128.395560    
4118.680556    108.257900    
4059.393519    107.170502    
4132.666667    96.693866    
4188.421296    81.766568    
4089.268519    126.384782    
4246.620370    120.691965    
4078.074074    86.354374    
4153.189815    107.538133    
4143.893519    116.311454    
4085.708333    127.076833    
4167.597222    133.612208    
4167.430556    149.341532    
4172.935185    155.225181    
4207.347222    125.183143    
4116.865741    110.981753    
4150.046296    108.975438    
4169.944444    122.888110    
4124.310185    107.603701    
4159.277778    135.523903    
4103.731481    89.267348    
4172.388889    122.450091    
4281.486111    110.748672    
4155.240741    153.686662    
4158.425926    152.702428    
4158.837963    96.357968    
4155.944444    123.919802    
4173.282407    116.481078    
4085.833333    102.756544    
4229.342593    171.247772    
4116.944444    102.142768    
4167.800926    128.743149    
4167.532407    113.742557    
4152.884259    113.293827    
4144.250000    127.659278    
4152.646512    117.093346    
4106.995370    117.717706    
4188.712963    151.778777    
4218.800926    116.046615    
4138.092593    101.551760    
4100.541667    94.909353    
4261.555556    172.992311    
4135.055556    86.039594    
4161.393519    100.119455    
4146.513889    95.698213    
4250.490741    119.480550    
4120.884259    100.678488    
4300.148148    139.957223    
4246.064815    160.490093    
4189.231481    192.928772    
4165.569444    136.490791    
4130.245370    109.770467    
4152.412037    106.665111    
4194.037037    116.247933    
4171.388889    166.578912    
4118.847222    142.758796    
4200.814815    116.563657    
4267.912037    152.015736    
4152.175926    137.979120    
4159.509259    149.128269    
4165.518519    155.836986    
4179.342593    98.489533    
4131.148148    96.987286    
4060.787037    110.501135    
4180.685185    117.183391    
4105.458333    99.854330    
4248.291667    102.279271    
4170.500000    112.306830    
4212.328704    149.161758    
4173.717593    154.856441    
4247.634259    163.561294    
4151.763889    121.670110    
4130.000000    97.175386    
4148.467593    165.550202    
4197.865741    131.588393    
4219.962963    146.060358    
4140.652778    123.452213    
4133.865741    106.358433    
4187.509259    115.592355    
4200.000000    110.478295    
4205.870370    115.215506    
4081.768519    103.269569    
4099.217593    107.597303    
4170.324074    164.021867    
4136.962963    129.054713    
4122.902778    122.338158    
4107.703704    104.909772    
4095.814815    86.516445    
4191.143519    159.127927    
4091.851852    89.508102    
4114.523148    138.242338    
4135.824074    153.863054    
4131.398148    125.818869    
4113.648148    124.546869    
4203.587963    105.144661    
4119.560185    135.898097    
4155.560185    112.706297    
4096.754630    107.682403    
4154.046296    106.379638    
4158.287037    124.857701    
4142.537037    128.689939    
4214.657407    133.893384    
4154.601852    111.971676    
4142.870370    159.896471    
4141.509259    113.532178    
4180.125000    152.361498    
4160.777778    120.019970    
4249.856481    146.903038    
4090.717593    140.114698    
4147.722222    107.591032    
4156.708333    118.841059    
4171.560185    101.836589    
4157.888889    115.848227    
4132.777778    145.507276    
4165.782407    95.869625    
4240.847222    154.606190    
4225.754630    121.772861    
4086.462963    98.951955    
4094.537037    111.046739    
4125.324074    141.064165    
4228.365741    151.490192    
4061.523148    114.899914    
4264.930556    150.163583    
4211.013889    121.845549    
4166.930556    85.940170    
4180.703704    102.953537    
4123.106481    125.175628    
4148.421296    94.459443    
4169.708333    118.190145    
4157.407407    124.412176    
4169.069444    137.588658    
4071.865741    105.637989    
4145.319444    115.908748    
4194.606481    86.150588    
4119.972222    126.622943    
4183.199074    137.197689    
4233.273148    97.452051    
4186.523148    149.937887    
4145.185185    131.694768    
4151.958333    110.688599    
4157.263889    107.803275    
4190.296296    140.394897    
4141.185185    100.323887    
4190.009259    81.727811    
4164.861111    121.383915    
4140.518519    105.946657    
4128.944444    127.578214    
4154.125000    101.604572    
4153.782407    117.927684    
4152.370370    82.807127    
4157.361111    104.029283    
4106.217593    118.797696    
4156.810185    152.489089    
4149.027778    112.156344    
4329.898148    100.729004    
4195.782407    146.946147    
4126.421296    136.814092    
4202.013889    81.109635    
4189.157407    125.511705    
4191.759259    105.075182    
4179.842593    141.089456    
4103.615741    104.941145    
4114.231481    105.494480    
4151.106481    98.323694    
4172.736111    101.590453    
4113.037037    98.649391    
4174.791667    102.724678    
4199.462963    87.171173    
4135.625000    140.913170    
4106.037037    105.815696    
4204.532407    102.761630    
4150.328704    148.008034    
4114.402778    112.430307    
4125.337963    155.705776    
4244.333333    143.494902    
4067.981481    139.395121    
4180.476852    110.507790    
4203.662037    128.790641    
4124.953704    137.351798    
4196.162037    115.538380    
4126.726852    122.862971    
4208.967593    133.056601    
4124.606481    101.409455    
4090.634259    110.853050    
4117.453704    99.519064    
4169.032407    131.224200    
4182.277778    129.311090    
4192.245370    228.040607    
4085.541667    108.741701    
4176.037037    119.456402    
4181.199074    116.546256    
4184.490741    162.094822    
4127.287037    105.409304    
4155.527778    106.679162    
4154.981481    130.682112    
4088.226852    100.952819    
4094.972222    95.462806    
4209.800926    121.280064    
4116.370370    95.011314    
4116.712963    115.370422    
4200.513889    99.661463    
4233.185185    105.368063    
4176.870370    99.915436    
4135.032407    134.836128    
4195.453704    107.912463    
4133.648148    124.000472    
4196.541667    107.797298    
4203.657407    101.687035    
4089.337963    131.645539    
4198.050926    109.345114    
4180.717593    107.962480    
4130.777778    106.359526    
4158.750000    113.013652    
4147.648148    102.616584    
4081.773148    114.784256    
4144.810185    121.367578    
4178.870370    115.729177    
4110.476852    103.593979    
4214.902778    134.181003    
4193.513889    165.072627    
4291.421296    115.894761    
4300.421296    119.082306    
4153.402778    113.709668    
4139.648148    116.954234    
4226.833333    137.017132    
4171.981481    141.040707    
4131.638889    102.238189    
4131.078704    129.366363    
4167.717593    125.398176    
4166.217593    105.841093    
4144.652778    85.263398    
4233.745370    131.263465    
4186.546296    167.382595    
4152.638889    155.740493    
4129.601852    111.685151    
4158.319444    110.256581    
4221.462963    138.323723    
4116.652778    137.850982    
4111.615741    113.385509    
4142.393519    129.489052    
4100.337963    116.211022    
4182.745370    122.493480    
4095.476852    129.841604    
4226.893519    137.927829    
4092.833333    132.076858    
4105.870370    111.496395    
4271.356481    155.617015    
4123.370370    113.873435    
4075.810185    105.426629    
4090.402778    127.403921    
4080.550926    125.591184    
4193.634259    130.290916    
4132.768519    113.571939    
4189.115741    130.496525    
4126.990741    110.020578    
4134.199074    100.753790    
4139.032407    105.095520    
4185.768519    135.006043    
4165.203704    118.140826    
4175.648148    172.644803    
4319.763889    120.775522    
4116.842593    133.331122    
4218.680556    131.214465    
4121.004630    98.947260    
4160.379630    133.729011    
4103.134259    88.377429    
4111.634259    86.966578    
4227.555556    128.274109    
4147.703704    98.829048    
4153.004630    128.213851    
4238.643519    133.801635    
4125.574074    91.153077    
4169.240741    112.593202    
4050.976852    130.520590    
4181.425926    111.642261    
4189.750000    128.505197    
4187.430556    117.176129    
4137.634259    115.924866    
4185.027778    89.772599    
4094.768519    109.514933    
4128.750000    116.463484    
4212.143519    91.716919    
4150.435185    159.234062    
4098.319444    114.130346    
4130.171296    111.778896    
4134.240741    186.689675    
4139.750000    111.559827    
4111.768519    125.903079    
4089.152778    110.055036    
4192.208333    145.217615    
4150.273148    147.479673    
4114.282407    102.993612    
4144.898148    99.396879    
4147.842593    101.567589    
4130.754630    109.712123    
4176.708333    169.841765    
4231.226852    157.225273    
4180.069444    116.443556    
4158.208333    164.000475    
4243.740741    126.008809    
4118.300926    119.719298    
4143.916667    168.078417    
4189.555556    133.234083    
4267.791667    179.617129    
4207.337963    95.502480    
4199.745370    107.883274    
4124.546296    132.296236    
4219.870370    121.203960    
4153.416667    94.795601    
4206.333333    152.653596    
4286.754630    170.046399    
4166.513889    132.098062    
4164.245370    124.682188    
4225.500000    134.882356    
4177.541667    134.292826    
4258.884259    127.478105    
4127.444444    119.222740    
4139.847222    127.352092    
4152.462963    90.753219    
4065.384259    121.219099    
4196.046296    130.321887    
4243.699074    116.745795    
4168.388889    124.101126    
4110.912037    123.489228    
4124.782407    146.706099    
4130.564815    125.516656    
4136.694444    102.680235    
4204.337963    92.456905    
4104.185185    127.309309    
4090.365741    100.144759    
4112.620370    129.033459    
4192.365741    131.794103    
4192.685185    155.898777    
4164.375000    139.985658    
4189.236111    123.501630    
4138.282407    127.897995    
4100.152778    109.105580    
4260.254630    121.771017    
4179.310185    109.469559    
4180.037037    90.797233    
4198.736111    151.097497    
4115.680556    93.846332    
4136.337963    104.428789    
4106.203704    103.137203    
4207.620370    132.118929    
4216.569444    112.344975    
4151.134259    124.475847    
4132.578704    117.164665    
4203.527778    145.030294    
4199.314815    179.863485    
4177.416667    112.543911    
4191.888889    131.949158    
4233.083333    101.647459    
4098.462963    108.422350    
4126.888889    110.849818    
4146.638889    164.601621    
4098.000000    90.760776    
4087.513889    103.838772    
4162.643519    121.598526    
4122.120370    116.425363    
4218.870370    95.982164    
4217.240741    131.490414    
4201.402778    145.047661    
4159.361111    132.132261    
4211.143519    105.166987    
4158.425926    134.337104    
4162.657407    124.676371    
4223.083333    130.186805    
4129.481481    157.459782    
4172.185185    134.952814    
4226.800926    135.713213    
4103.995370    113.066987    
4139.328704    166.545840    
4162.944444    121.769502    
4111.555556    110.732145    
4143.337963    136.441012    
4131.611111    94.703371    
4137.384259    88.512897    
4161.296296    135.373883    
4118.074074    101.654936    
4142.023148    97.426014    
4205.842593    107.195837    
4144.796296    105.212726    
4130.027778    156.430967    
4177.402778    122.644510    
4180.300926    111.673081    
4219.481481    121.466806    
4164.625000    152.996984    
4133.087963    95.178811    
4122.513889    110.116057    
4155.527778    134.223346    
4121.620370    126.703592    
4136.291667    139.052625    
4161.199074    100.514105    
4155.976852    112.498701    
4121.731481    128.648574    
4108.944444    97.733750    
4124.935185    146.674607    
4148.518519    135.920591    
4134.620370    112.699347    
4164.337963    146.420632    
4197.606481    143.968707    
4180.930556    117.966802    
4171.115741    120.926173    
4202.000000    169.878660    
4077.041667    107.387120    
4176.217593    225.106670    
4234.791667    141.937056    
4152.125000    129.434912    
4221.087963    149.235666    
4107.962963    141.135732    
4153.481481    149.964470    
4110.962963    126.158882    
4153.444444    103.900935    
4152.513889    103.718011    
4167.245370    135.316809    
4103.888889    108.403467    
4157.240741    109.035109    
4205.541667    140.527077    
4166.541667    119.964918    
4223.486111    144.198679    
4143.828704    152.290029    
4083.828704    120.461202    
4182.175926    144.033357    
4127.671296    98.504410    
4055.717593    150.991412    
4089.027778    99.428502    
4121.944444    112.204330    
4140.754630    103.514313    
4135.486111    123.292710    
4219.092593    153.167908    
4167.439815    132.143567    
4226.097222    158.979136    
4089.296296    134.582637    
4142.379630    131.033161    
4120.833333    130.528236    
4129.662037    85.864351    
4153.069444    111.538358    
4169.300926    150.328397    
4157.467593    86.467607    
4144.250000    174.900534    
4105.490741    121.617988    
4125.726852    127.831249    
4119.611111    103.277793    
4170.314815    88.532548    
4143.222222    135.603543    
4158.319444    145.779021    
4127.953704    101.459660    
4116.467593    139.397841    
4206.666667    145.909980    
4101.212963    106.782754    
4184.935185    155.516777    
4243.574074    156.394516    
4128.259259    117.301319    
4202.495370    143.771617    
4102.416667    116.737092    
4173.703704    167.805292    
4145.476852    92.841459    
4131.726852    95.812483    
4152.921296    125.695393    
4188.671296    136.597504    
4084.925926    100.482374    
4133.162037    103.257932    
4200.689815    151.209816    
4174.837963    106.873093    
4139.888889    109.046824    
4163.712963    135.700893    
4146.828704    137.779693    
4195.569444    107.166385    
4195.921296    109.550379    
4120.875000    126.175466    
4146.222222    115.020556    
4144.662037    142.717059    
4160.907407    156.578464    
4156.851852    141.228821    
4129.740741    124.738309    
4227.134259    127.743941    
4114.078704    108.949777    
4113.564815    120.941199    
4077.712963    117.849916    
4088.347222    129.009886    
4231.226852    114.437996    
4132.444444    157.684597    
4175.796296    164.109085    
4220.763889    114.957217    
4059.250000    128.060939    
4275.694444    128.898069    
4151.736111    106.548892    
4240.486111    130.013531    
4092.129630    142.586984    
4245.351852    132.519622    
4129.425926    98.826888    
4042.731481    111.859130    
4186.384259    101.591892    
4231.754630    144.082988    
4140.435185    118.125935    
4165.699074    105.552239    
4127.333333    105.923627    
4116.361111    141.239189    
4137.004630    111.116576    
4174.050926    95.944873    
4191.328704    140.070149    
4092.375000    90.076527    
4176.023148    121.387711    
4120.606481    119.526759    
4157.398148    114.023791    
4171.226852    103.057919    
4188.856481    103.527965    
4189.083333    136.558807    
4168.412037    90.543992    
4112.009259    134.227557    
4181.115741    130.676235    
4218.861111    143.355874    
4116.680556    128.653910    
4179.486111    144.815975    
4114.412037    102.686559    
4188.037037    176.505714    
4161.578704    155.077380    
4078.851852    84.560499    
4160.782407    126.326165    
4168.041667    94.455962    
4130.601852    129.568439    
4092.629630    131.670365    
4145.689815    152.914377    
4119.263889    116.434331    
4185.574074    118.135414    
4145.078704    102.155919    
4163.324074    107.083891    
4138.555556    172.128362    
4118.810185    101.023815    
4100.837963    157.581862    
4120.768519    113.325335    
4116.652778    100.595333    
4205.916667    118.786310    
4177.472222    134.450904    
4136.486111    105.768089    
4132.541667    103.328934    
4167.601852    134.230105    
4143.185185    135.167978    
4207.449074    136.999281    
4285.402778    173.453804    
4117.763889    133.070730    
4146.305556    107.854193    
4180.546296    146.593756    
4224.495370    119.961606    
4184.078704    103.237538    
4255.587963    127.631529    
4182.495370    126.592376    
4117.736111    102.480259    
4208.888889    129.613516    
4143.925926    118.889982    
4166.861111    102.194301    
4115.912037    99.331453    
4161.550926    134.512416    
4225.305556    111.497256    
4177.379630    134.225571    
4210.347222    106.340625    
4125.509259    100.249642    
4141.949074    165.399439    
4075.629630    128.657822    
4153.694444    124.952395    
4128.949074    114.805238    
4182.546296    134.878813    
4128.800926    135.052466    
4134.722222    101.708219    
4175.773148    125.154384    
4160.087963    161.203795    
4129.310185    84.881568    
4145.726852    130.251482    
4231.333333    126.007054    
4135.375000    102.275649    
4122.268519    115.397269    
4220.685185    175.638842    
4137.763889    94.369863    
4214.282407    135.189198    
4171.726852    137.374941    
