509.114499    4.068327    
508.793390    4.214423    
508.426439    4.134805    
508.140938    4.019829    
506.512154    3.939570    
508.653731    3.933879    
509.477399    3.945257    
509.666311    3.804239    
509.528571    3.853741    
509.559608    3.923495    
509.343570    4.004569    
509.125160    3.927204    
505.173811    3.128558    
503.706823    2.722953    
503.532949    2.746686    
503.596802    2.838381    
503.586567    3.027780    
512.071870    3.569759    
511.872068    3.663665    
511.610448    3.628638    
511.379104    3.647587    
502.529424    2.177146    
502.634755    2.087598    
502.989979    2.187702    
503.524520    2.228603    
502.312154    2.096550    
500.746215    2.521056    
500.253305    2.516092    
499.816205    2.574086    
499.534755    2.501038    
499.390832    2.550580    
499.239232    2.632566    
499.114925    2.736356    
498.863539    2.753585    
498.660128    2.754730    
498.468017    2.857739    
498.449254    2.901232    
498.532623    2.919076    
498.674840    2.882974    
498.737740    3.059865    
499.034755    2.961132    
499.169083    2.857337    
499.341578    2.693544    
499.614925    2.595656    
499.936247    2.667899    
500.310235    2.613464    
500.681237    2.619691    
501.039659    2.504351    
501.386994    2.488464    
501.663113    2.382403    
502.568870    2.479866    
502.129638    2.378707    
501.805330    2.501738    
503.377778    2.502481    
502.381023    2.309529    
502.239019    2.355371    
502.026652    2.360463    
501.847761    2.461269    
501.717484    2.448822    
501.381023    2.634449    
500.662687    2.994892    
500.437527    2.899386    
500.276546    3.004699    
500.160554    2.917344    
500.069936    2.863604    
499.962047    2.800063    
499.913859    2.757011    
499.825160    2.805289    
499.742004    2.786880    
499.673491    2.814410    
499.651173    2.798466    
499.476546    2.982748    
499.432196    2.931955    
499.384648    2.993173    
499.426226    2.912548    
499.275906    2.933774    
499.226866    2.973035    
499.070362    2.940156    
498.995949    2.968740    
498.637953    3.107980    
498.205970    3.122142    
496.180384    3.639964    
495.842431    3.554407    
495.214545    3.641605    
494.773299    3.677209    
494.330917    3.763205    
494.037321    3.671708    
494.081876    3.750268    
494.467591    3.695026    
496.968443    3.421035    
497.497655    3.328896    
498.613859    3.015656    
502.196588    2.450044    
501.826226    2.639594    
502.041365    2.559816    
502.429638    2.487893    
503.161407    2.536926    
502.268443    2.645793    
502.092324    2.675364    
501.685714    2.705784    
501.660554    2.794054    
501.592964    2.708510    
501.691045    2.745546    
501.891684    2.874599    
515.446482    5.650425    
515.897228    5.779983    
516.355300    5.743877    
516.685928    5.577719    
516.757091    5.170052    
516.610874    4.761718    
515.934328    3.759615    
515.637023    3.503775    
515.697441    3.365245    
515.861834    3.155882    
515.945416    3.108761    
516.117484    3.158711    
516.468230    3.044229    
517.646193    3.160862    
518.345203    3.467858    
519.257624    3.857086    
522.733419    5.093386    
523.286628    5.203776    
523.856869    5.209251    
524.102132    5.138759    
524.413609    5.085091    
524.346843    5.078648    
521.927132    4.415449    
520.352954    3.588650    
520.594964    3.713986    
520.869482    3.935233    
521.285410    4.168490    
521.861716    4.472479    
522.258643    4.566447    
522.472471    4.699051    
522.642918    4.819486    
522.895500    4.906653    
522.858179    4.764281    
522.734798    4.736752    
522.780290    4.698043    
522.425005    4.620928    
522.273561    4.574007    
522.103029    4.456924    
521.900789    4.470534    
521.908490    4.411331    
521.559940    4.379871    
521.349051    4.292261    
520.719130    3.942406    
520.466496    3.831609    
520.266425    3.797909    
520.046075    3.606558    
519.822175    3.544770    
519.565885    3.466198    
519.452955    3.317537    
519.397269    3.366595    
519.375986    3.511190    
519.046918    3.220406    
518.924947    3.046183    
518.892918    2.981178    
518.841331    3.012590    
518.923667    3.101505    
519.025176    3.043705    
519.261463    3.255700    
519.366254    3.272668    
519.643558    3.317248    
519.776830    3.440015    
520.262047    3.894913    
520.411012    3.933246    
520.897228    4.072280    
521.266112    4.030379    
521.492850    4.070064    
521.669227    4.158493    
521.916169    4.271803    
522.168374    4.373029    
522.346064    4.339956    
523.067179    4.452202    
523.104926    4.479578    
523.171215    4.510105    
523.320324    4.638128    
523.367747    4.605884    
523.253518    4.562328    
523.173987    4.658853    
523.186354    4.657367    
523.052239    4.568181    
522.574200    4.589287    
522.346343    4.496570    
522.150480    4.384968    
520.242482    3.954564    
520.049041    4.079977    
518.748188    3.705054    
518.475043    3.613148    
518.230326    3.471827    
515.916418    3.265287    
515.771642    3.236796    
515.623667    3.289019    
515.480486    3.277018    
515.355726    3.306954    
515.155257    3.290155    
515.167164    3.264428    
515.147366    3.246113    
515.073774    3.260099    
515.118550    3.402623    
515.134115    3.414089    
515.184048    3.386025    
515.272281    3.449214    
515.380384    3.494601    
515.486884    3.379193    
515.763702    3.365811    
515.777612    3.456308    
515.910448    3.487119    
516.146940    3.397896    
516.241416    3.297980    
516.498401    3.605056    
516.622308    3.565615    
516.651173    3.567184    
516.806142    3.731635    
516.719556    3.654234    
516.734215    3.523351    
516.582551    3.616481    
516.459915    3.582919    
516.466525    3.419661    
516.408616    3.345502    
516.219190    3.298855    
516.204521    3.455992    
516.040094    3.398294    
516.047122    3.308985    
515.938166    3.261982    
515.928785    3.295413    
515.500000    3.504931    
515.343070    3.478260    
515.276936    3.395379    
515.252133    3.469946    
515.169936    3.414804    
515.070789    3.490300    
514.959053    3.463244    
514.509064    3.366371    
514.199190    3.318520    
513.793603    3.406572    
513.782303    3.220892    
513.763702    3.211868    
516.621109    3.130213    
517.011727    3.248761    
519.890808    4.390710    
519.941754    4.384815    
519.875400    4.358366    
519.522611    4.136267    
519.141608    4.016599    
518.976536    3.807926    
517.104713    3.242840    
516.859275    3.206574    
516.033475    3.204533    
515.423454    3.255536    
515.266311    3.296195    
512.672638    3.300559    
512.544563    3.355077    
512.278678    3.304219    
514.018977    3.216274    
514.295585    3.151006    
514.993390    2.994052    
515.238593    2.995448    
515.964179    3.010358    
517.855620    3.258248    
518.255437    3.266878    
514.301130    3.284310    
509.006610    3.728836    
509.138593    3.711100    
516.362764    2.723794    
517.824232    3.506794    
518.725683    3.888079    
519.888913    4.395023    
519.967377    4.409382    
519.904183    4.171013    
519.870307    4.194075    
519.762911    4.218317    
519.523261    4.103416    
519.172642    3.792791    
518.365750    3.279987    
517.495309    3.150063    
516.974408    3.160285    
516.568899    2.896455    
516.040512    3.042776    
515.547974    3.131098    
515.101066    3.121700    
514.713006    3.131507    
514.263753    3.189025    
513.853274    3.328053    
513.400426    3.553970    
512.988913    3.702803    
512.662473    3.757769    
512.378252    3.706474    
512.178465    3.598437    
512.002345    3.602859    
511.778844    3.688548    
511.738110    3.764002    
511.656503    3.813835    
511.521962    3.823902    
511.417271    3.894953    
511.274627    3.919126    
511.146695    4.025533    
511.120896    4.093170    
510.994670    4.205461    
511.043070    4.216257    
511.079957    4.316701    
511.143497    4.108092    
511.289339    4.027474    
511.457454    3.928172    
511.581361    4.157827    
512.349968    3.895815    
512.600768    3.712263    
513.038593    3.576577    
513.359701    3.608985    
513.735181    3.563350    
513.715991    3.702120    
513.630546    3.871995    
513.484861    3.955332    
513.367804    3.833489    
513.192537    3.779620    
512.768230    3.850763    
512.278252    4.008038    
512.041160    3.949269    
509.048614    4.199729    
508.782303    4.043651    
504.642705    3.199380    
501.136887    3.077400    
500.631130    3.131239    
499.174451    3.799892    
499.361407    3.788672    
499.555650    3.758657    
501.359275    3.326883    
502.018763    3.304399    
502.735181    3.356218    
506.691487    4.117433    
507.387585    4.183115    
508.019190    4.326944    
509.354371    4.141398    
509.026445    4.072093    
497.299574    4.296726    
496.643070    4.132778    
494.984009    4.242435    
494.793986    4.226903    
495.831307    4.380972    
497.328785    4.426491    
497.733689    4.138137    
497.769936    4.230077    
498.079104    4.606653    
498.787846    4.706569    
499.107699    4.692021    
499.665245    4.666408    
503.176408    4.765694    
507.375640    5.615630    
507.902985    5.515453    
508.181450    5.562603    
508.252079    5.566788    
508.386567    5.392962    
508.364179    5.375376    
510.386010    5.440371    
510.743284    5.399141    
512.867164    5.136521    
513.345842    5.012969    
513.705757    4.971946    
514.475906    4.977086    
514.804009    5.061045    
515.061407    5.065547    
515.327788    4.985053    
515.489548    5.013069    
515.607806    4.931126    
515.528483    4.928374    
515.602219    4.829322    
515.550768    5.078310    
515.413220    5.276475    
514.866311    4.758276    
514.815312    4.531967    
514.633475    4.687754    
514.288974    5.074271    
514.464278    4.726882    
514.252878    4.463309    
514.181275    4.736609    
514.168053    4.802599    
513.983369    4.373566    
513.774627    4.539774    
512.960759    4.461986    
