427.087112    1.036702    
427.319048    1.033081    
426.989286    0.891029    
426.371703    1.054153    
426.083333    0.812233    
425.760714    0.862515    
425.555952    1.003191    
427.507194    1.326929    
427.227106    1.058576    
427.066667    1.117111    
427.847255    0.881017    
428.685714    1.117517    
429.971429    1.174792    
431.920238    0.955969    
431.942857    0.934305    
432.797619    0.804448    
433.883333    0.681880    
434.531026    0.646907    
435.952267    1.216479    
437.455758    1.092473    
440.265233    1.286414    
441.983333    0.961006    
443.713095    0.695098    
444.532143    0.662905    
446.347670    1.694685    
449.443908    0.952833    
452.591885    1.009752    
455.164286    0.979145    
455.907143    0.967789    
457.717184    1.598766    
460.340992    1.949123    
463.658333    1.184695    
466.234524    0.935286    
467.727056    1.383754    
471.364833    1.374636    
474.744048    0.792803    
477.190476    1.003283    
480.270238    0.867163    
484.327381    1.233930    
487.067857    1.349220    
490.079762    1.247691    
492.960714    1.398853    
519.257143    0.928681    
526.479762    0.752501    
529.936905    1.015157    
535.300842    2.145375    
543.552381    1.404794    
549.361905    1.403219    
557.098810    1.468235    
561.360714    1.285312    
567.089286    1.529201    
574.752381    0.946482    
579.005952    1.018268    
592.383333    1.134191    
602.152381    1.450983    
611.582143    1.169214    
615.511905    1.514172    
619.859524    1.073171    
629.491039    1.837217    
635.238095    1.085829    
641.266667    2.081742    
649.045292    2.678720    
655.803571    1.690516    
659.677381    1.294480    
670.488677    4.431661    
678.223810    1.737515    
682.505952    1.290981    
689.944048    2.380569    
701.626190    1.796367    
706.309524    2.524057    
712.905952    1.323582    
726.505952    1.653269    
730.882143    1.394433    
737.910714    1.700946    
745.626202    2.743162    
756.191667    1.021286    
762.301190    1.061669    
766.514286    1.676103    
775.076190    1.901479    
788.204762    1.705307    
792.673810    2.154349    
797.863095    3.224027    
803.890476    1.261105    
809.833333    2.540310    
819.984505    2.188059    
826.286905    1.495173    
831.047619    1.549998    
835.789286    2.524571    
842.094048    2.943024    
852.967857    2.156422    
861.144048    1.474211    
864.213095    1.848698    
871.430952    3.001189    
877.710714    2.876982    
889.977381    2.588567    
899.775000    2.426656    
913.701190    2.704934    
922.454762    3.820104    
927.948810    2.810863    
944.625000    1.981725    
947.669048    2.777031    
952.338095    2.694346    
958.345238    2.836808    
964.854415    1.551902    
971.729440    5.196907    
997.097619    5.104619    
999.953571    4.126164    
1009.000000    4.038800    
1055.430952    2.210364    
1062.567857    5.256983    
1075.358333    4.656171    
1083.610250    5.239616    
1289.686905    5.653976    
1297.227381    4.929210    
1317.345238    10.871757    
1333.951190    7.075191    
1344.960714    4.802740    
1346.803571    3.456979    
1352.464286    4.341512    
1357.671429    8.603938    
1370.328571    6.798574    
1376.357143    6.465371    
1374.232143    5.678880    
1388.485714    5.449752    
1392.151190    4.264443    
1407.227381    6.420352    
1432.795238    6.950572    
1437.709524    6.157373    
1442.801190    4.804239    
1449.519048    4.821541    
1451.746429    6.145942    
1462.420238    9.864237    
1473.838095    6.485146    
1482.702381    5.943543    
1488.282143    6.685105    
1499.995238    8.264524    
1507.990476    10.228690    
1529.561905    11.039797    
1543.416667    8.344100    
1552.388095    5.938522    
1560.447619    5.598437    
1569.105952    9.767144    
1570.961905    6.055181    
1579.938095    7.504981    
1581.289286    10.118506    
1598.992857    10.335788    
1608.658333    7.970103    
1613.127381    7.379780    
1613.446429    9.360987    
1621.523810    6.471874    
1633.235714    8.170893    
1659.258333    11.633436    
1689.566667    8.469572    
1692.294048    14.088004    
1702.778571    7.100873    
1712.555952    8.621082    
1716.522619    8.921988    
1736.714286    10.298603    
1736.610714    11.947888    
1740.170238    10.350791    
1756.058333    16.915481    
1752.041667    6.357742    
1763.867857    11.124101    
1767.894048    9.340871    
1766.494048    23.563237    
1778.341667    11.389685    
1779.551190    11.029495    
1814.142857    10.723187    
1790.367857    21.421933    
1812.452381    13.915737    
1848.888095    13.732889    
1838.186905    9.987114    
1850.755952    9.990291    
1861.936905    7.755463    
1874.573810    15.552960    
1868.405952    8.481532    
1878.313095    11.980771    
1885.463095    12.768211    
1886.278571    11.588830    
1888.836905    14.196607    
1890.363095    12.599615    
1907.913095    13.773277    
1918.354762    19.879107    
1930.488095    12.361224    
1940.129762    13.853951    
1938.561905    17.591353    
1932.958333    14.033783    
1954.292857    16.159251    
1941.048810    12.764114    
1966.915476    10.806358    
1961.073810    11.293668    
1979.838095    21.544748    
1997.447619    29.441906    
2007.183333    17.309156    
2012.504762    21.206692    
2058.353571    18.574175    
2048.404762    14.094257    
2068.616667    11.806201    
2064.076190    11.022549    
2077.333333    11.294050    
2086.192857    13.642928    
2077.833333    8.842448    
2089.570238    9.007131    
2111.575000    17.384013    
2100.808333    14.849809    
2103.647619    18.776305    
2115.221429    14.475218    
2125.919048    23.444476    
2130.078571    12.765412    
2135.828571    14.691320    
2145.847619    15.960834    
2140.867857    18.945044    
2158.434524    14.522495    
2170.739286    12.494185    
2171.976190    15.413488    
2181.183333    16.854622    
2187.384524    15.685025    
2188.205952    19.191062    
2189.286905    20.852996    
2242.622619    26.761855    
2224.061905    29.772006    
2276.436905    22.240960    
2266.219048    26.133442    
2286.204762    23.197054    
2324.509524    13.202720    
2305.226190    22.003437    
2306.983333    17.761239    
2321.084524    19.669259    
2335.841667    21.476896    
2315.125000    10.947922    
2315.104762    14.945089    
2362.472619    33.665359    
2370.817857    21.942868    
2349.134524    25.254745    
2373.766667    25.382556    
2382.900000    23.478856    
2383.329762    30.492420    
2371.969048    19.450156    
2408.783333    20.003052    
2409.790476    18.015507    
2404.411905    14.860281    
2409.351190    25.687671    
2417.342857    26.987326    
2402.108333    38.978583    
2425.022619    18.514942    
2443.717857    23.250912    
2438.201190    16.396392    
2436.795238    20.586484    
2437.423810    19.483910    
2447.838095    19.907225    
2475.854762    27.058233    
2455.346429    18.490351    
2473.214286    18.011948    
2487.477381    34.026243    
2493.950000    21.555352    
2534.204762    51.070782    
2578.432143    22.166205    
2562.715476    28.904914    
2589.910714    23.964863    
2623.760714    16.830206    
2650.088095    26.491451    
2638.669048    27.756509    
2645.038095    23.791274    
2665.155952    29.574695    
2678.654762    32.343688    
2661.869048    28.430064    
2666.501190    26.201100    
2669.152381    25.951523    
2675.472619    20.138017    
2695.872619    25.526349    
2684.663095    27.968172    
2697.182143    31.185374    
2707.364286    26.776867    
2709.594048    24.653276    
2730.889286    35.463541    
2737.321429    24.228604    
2714.069048    34.875151    
2754.971429    23.175914    
2748.122619    33.885352    
2773.308333    20.939173    
2746.863095    39.675158    
2789.464286    29.896546    
2811.514286    35.259275    
2824.015476    23.800080    
2804.985714    18.313534    
2788.854762    23.085511    
2843.914286    29.009396    
2816.477381    37.977493    
2800.172619    34.940152    
2831.420238    29.059640    
2829.879762    42.905750    
2827.267857    33.807697    
2850.627381    29.366939    
2840.769048    35.920600    
2868.776190    32.413951    
2860.491667    38.423671    
2901.996429    39.880730    
2888.373810    33.150426    
3006.875000    46.350552    
2961.210714    38.559504    
3004.800000    28.458165    
2966.670238    38.897908    
3022.055952    25.856342    
2986.752381    38.862402    
3016.602381    45.601733    
3039.775000    30.167321    
3047.919048    36.367707    
3072.667857    21.345132    
3090.104762    34.948308    
3082.457143    36.176295    
3075.690476    40.280143    
3087.684524    35.965516    
3097.932143    41.795094    
3091.121429    45.350797    
3117.398810    43.156435    
3134.613095    27.706911    
3117.435714    44.935145    
3121.160714    46.078521    
3107.315476    31.982238    
3150.900000    33.495266    
3137.965476    26.473752    
3175.013095    46.493200    
3148.260714    31.171796    
3210.752381    35.676731    
3205.191667    39.869044    
3192.766667    40.108963    
3199.521429    43.266693    
3207.280952    35.651215    
3250.366667    39.619065    
3219.489286    56.057198    
3215.680952    31.974367    
3191.576190    51.277758    
3283.598810    37.207331    
3283.395238    53.018447    
3249.364286    26.733217    
3259.441667    46.906939    
3297.028571    47.047941    
3277.186905    33.138125    
3277.908333    37.511965    
3278.228571    44.694547    
3308.477381    20.615978    
3342.969048    38.869243    
3299.617857    40.135786    
3328.733333    23.058318    
3389.841667    28.292056    
3358.436905    36.764836    
3379.769048    48.716175    
3359.546429    42.153633    
3406.941667    36.404476    
3370.921429    63.929116    
3408.028571    56.733665    
3313.886905    55.195047    
3385.363095    51.169818    
3406.601190    58.468911    
3402.714286    40.679664    
3514.919048    41.045249    
3485.219048    34.235141    
3474.147619    41.559878    
3488.271429    40.429128    
3433.623810    59.412211    
3500.178571    55.405982    
3520.560714    61.857987    
3561.354762    43.955420    
3511.348810    48.830596    
3516.972619    59.987780    
3565.563095    40.144896    
3555.952381    36.496055    
3612.505952    48.492611    
3626.453571    44.255833    
3630.573810    46.353962    
3616.276190    29.874936    
3660.002381    48.304934    
3634.820238    43.888059    
3676.975000    61.057121    
3701.819048    28.263692    
3752.050000    81.683652    
3719.810714    77.429468    
3691.964286    58.551330    
3704.192857    38.337920    
3694.680952    28.245195    
3693.500000    32.226209    
3714.972619    36.153284    
3709.373810    52.792841    
3761.695238    58.416811    
3735.583333    40.364355    
3753.995238    66.858860    
3763.041667    55.319694    
3734.250000    41.368373    
3780.219048    54.391763    
3826.628571    61.542998    
3784.444048    73.136885    
3861.315476    61.588452    
3813.153571    53.710879    
3808.410714    53.825239    
3873.188095    69.304644    
3905.500000    57.105979    
3901.811905    74.759283    
3982.820238    63.938678    
4955.676190    353.166297    
4200.408333    63.294370    
4242.560714    84.387562    
4245.221429    81.838465    
4322.684524    71.468320    
4295.302381    73.814320    
4248.804762    74.312644    
4219.653571    78.120955    
4331.727381    112.806591    
4340.908333    54.019683    
4203.186905    104.049597    
4356.783333    85.908690    
4533.703571    79.842980    
4307.898810    80.275214    
4287.791667    81.771055    
4403.546429    71.884764    
4347.782143    76.553694    
4466.544048    52.481974    
4435.866667    80.730659    
4428.788095    145.374902    
4508.723810    85.433000    
4487.316667    75.822253    
4499.529762    69.072126    
4527.094048    75.377854    
4453.239286    62.364853    
4513.572619    94.009001    
4544.819048    60.961839    
4515.077381    81.598494    
4621.495238    77.461742    
4521.111905    123.120119    
4599.258333    101.332062    
4591.179762    82.978654    
4518.216667    67.390957    
4528.947619    83.175701    
4603.221429    99.109564    
4554.021429    54.566600    
4577.383333    49.610418    
4543.833333    58.708853    
4569.621429    89.521703    
4577.184524    72.878833    
4549.640476    64.674454    
4549.825000    69.760912    
4599.998810    58.469844    
4561.751190    93.626086    
4604.844048    45.393210    
4646.013095    73.759445    
4611.889286    89.166823    
4658.709524    61.518204    
4597.783333    127.130260    
4641.183333    93.668423    
4670.463095    99.473237    
4670.452381    98.463748    
4629.996429    98.675183    
4636.629762    90.110024    
4722.700000    109.260939    
4618.509524    99.197614    
4633.400000    113.887881    
4729.415476    99.693530    
4736.129762    106.771133    
4683.705952    94.563712    
4802.921429    112.981956    
4757.029762    138.696535    
4725.927381    83.177010    
4718.584524    117.739553    
4796.478571    169.093225    
4743.569048    139.187044    
4743.640476    138.348479    
4867.722619    150.527257    
4769.655952    159.948882    
4791.541667    191.955025    
4931.375000    181.846426    
4898.364286    238.029596    
4966.400000    258.311914    
4837.886905    297.704576    
4897.709524    300.354559    
4939.809524    313.163155    
5063.534524    330.677715    
4992.953571    331.229641    
4980.092857    356.469271    
5056.383333    363.291098    
4996.277381    396.228635    
5027.702381    448.866020    
5035.748810    395.814492    
5059.772619    339.197761    
4990.239286    389.918522    
5168.988095    378.310590    
5040.595238    389.924422    
4994.508333    395.380889    
5048.389286    384.148681    
5210.594048    442.611824    
5091.021429    439.948679    
5223.813095    386.156919    
5163.613095    251.914624    
5099.358333    374.331686    
5235.758333    300.317883    
5147.388095    285.144991    
5152.900000    288.081787    
5118.417857    268.467180    
5078.295238    251.047555    
5101.285714    242.236385    
5184.017857    220.105826    
5183.417857    239.591394    
5102.084524    268.701766    
5148.195238    298.946292    
5272.185714    187.620339    
5118.738095    250.328285    
5112.430952    205.979622    
5277.591667    253.732135    
5199.565476    195.328796    
5147.711905    160.987231    
5262.982143    215.971555    
5336.452381    259.051893    
5228.321429    275.135143    
5340.438095    252.452822    
5475.264286    408.862617    
5520.952381    507.753500    
5544.995238    445.359814    
5689.204762    417.507808    
5484.217857    430.066049    
5749.376190    450.236992    
5305.902381    507.102711    
5911.340476    451.922229    
5939.897619    697.330451    
5876.440476    373.310714    
5544.332143    528.266277    
5720.247619    404.148724    
5702.026190    448.486722    
5754.695238    441.327837    
5684.814286    493.236777    
5726.928571    556.547734    
5534.742857    438.001843    
5465.347619    429.760815    
5867.153571    432.253171    
5617.196429    461.451009    
5637.063095    430.200208    
5937.945238    445.532217    
5480.251190    416.651044    
5702.404762    328.681428    
5968.882143    355.662811    
5677.875000    392.197001    
5704.314286    213.781316    
5613.077381    363.399976    
5746.913095    231.436535    
5639.810714    261.698584    
5566.123810    115.268399    
5899.048810    227.511541    
5946.792857    210.238980    
5800.707143    211.211438    
5653.159524    177.861478    
5839.111905    265.979451    
5998.229762    337.322222    
5933.095238    197.817528    
5448.619048    203.396587    
5684.127381    201.840057    
5945.942857    184.615409    
5818.226190    276.352977    
5631.454762    186.802418    
5807.963095    174.676749    
5828.803571    220.053615    
5697.880952    209.719802    
5811.209524    295.026083    
5910.945238    271.768615    
5936.689286    186.709795    
6148.307143    297.334125    
5771.678571    250.442806    
6057.973810    201.372722    
6117.982143    327.822336    
5844.915476    261.201097    
6092.185714    187.745379    
5910.228571    303.272167    
5949.926190    189.693918    
6103.163095    249.406235    
6066.919048    213.673361    
6025.022619    315.643874    
6226.701190    267.853856    
6206.076190    225.149398    
5950.736905    167.942531    
5978.354762    274.059900    
5972.339286    234.510778    
5962.128571    227.131748    
6179.167857    327.680353    
6161.398810    223.645471    
6275.966667    179.979725    
6045.766667    174.403849    
6021.376190    210.174913    
6010.817857    135.134691    
6117.940476    153.974824    
5959.235714    129.739388    
6113.132143    183.839301    
6113.448810    161.528576    
5994.413095    175.434242    
6052.325000    146.106828    
6187.360714    229.837468    
6186.044048    250.966853    
6135.342857    169.316586    
6064.975000    283.216711    
6177.066667    252.844603    
5996.938095    159.530825    
6072.434524    292.874007    
6396.133333    336.760200    
6219.010714    164.482409    
6309.932143    247.722058    
6134.571429    240.643611    
6163.667857    182.080746    
6163.579762    166.266119    
6067.042857    250.872929    
6566.002381    290.134316    
6245.113095    210.375368    
6341.629762    257.670983    
6298.851190    249.020425    
6269.950000    273.436995    
6302.958333    214.644916    
6421.329762    329.671669    
6311.023810    278.882770    
6238.622619    206.961997    
6259.482143    339.818018    
6360.650000    374.428252    
6461.695238    170.822520    
6288.628571    290.904125    
6389.783333    331.704265    
6207.586905    200.898759    
6403.282143    224.544704    
6343.552381    150.859583    
6544.084524    386.867698    
6321.904762    202.354317    
6305.135714    294.427707    
6347.366667    192.141989    
6521.380952    298.375531    
6405.359524    257.159561    
6283.728571    241.836058    
6310.448810    205.776583    
6267.182143    191.719261    
6274.733333    197.319792    
6323.592857    166.167933    
6422.450000    257.328130    
6610.104762    232.701011    
6476.434524    267.103289    
6488.042857    180.400944    
6427.438095    232.223688    
6432.423810    323.575006    
6450.178571    199.673714    
6648.539286    286.700318    
6528.744048    202.727274    
6656.639286    352.773456    
6414.634524    310.184421    
6677.684524    316.736948    
6896.172619    370.601291    
6634.730952    301.002371    
6613.786905    327.325386    
6680.188095    271.331243    
6534.172619    350.379182    
6768.482143    316.942224    
6775.213095    325.431982    
6614.029762    416.686882    
6878.238095    357.761919    
6569.030952    328.982474    
6711.172619    237.202987    
6994.767857    290.410432    
6637.082143    245.806460    
6639.510714    315.744034    
6718.538095    223.182599    
6672.854762    214.053755    
6721.422619    220.552734    
6839.171429    199.824820    
6748.726190    289.922007    
7037.635714    553.003208    
6575.397619    318.209827    
6767.463095    233.937962    
6876.001190    223.801270    
7095.357143    318.796821    
7398.058333    392.903942    
7562.461905    336.040100    
7398.320238    539.680879    
7310.796429    340.882769    
7212.086905    245.923848    
7385.915476    382.774173    
7071.089286    326.380585    
7547.064286    343.765099    
7138.317857    326.930745    
7548.585714    290.777533    
7181.933333    303.259708    
7548.172619    413.029625    
7509.032143    297.502485    
7893.554762    363.309394    
8066.411905    297.070213    
7725.600000    453.600849    
8095.803571    307.389796    
8047.947619    628.441693    
8138.789286    465.414833    
8406.726190    418.148958    
8663.978571    473.045520    
8326.523810    600.287615    
8494.201190    451.120107    
7816.777381    562.479349    
8110.905952    310.892589    
8242.786905    326.750165    
8165.066667    277.536107    
8467.626190    439.678035    
8367.136905    352.163614    
8832.953571    394.254687    
8519.496429    745.689545    
8653.640476    387.050872    
8477.729762    475.305921    
8573.978571    420.721090    
8400.128571    516.313911    
8778.257143    395.840475    
8766.945238    437.016175    
8561.327381    535.580612    
8733.594048    244.063210    
8773.927381    406.767798    
9012.582143    269.651910    
8798.459524    463.180856    
8858.590476    286.158537    
8838.478571    354.470164    
8998.502381    414.278831    
8838.759524    487.234682    
8792.153571    535.055848    
9100.367857    377.364017    
9088.539286    477.043158    
9164.029762    578.631471    
9208.179762    474.878952    
9084.850000    455.813589    
9215.558333    468.042490    
9052.871429    463.881366    
9256.040741    540.577179    
8762.411905    498.592757    
8774.990476    490.675868    
8976.963095    358.357895    
8978.703571    369.447250    
9165.066667    532.103432    
8987.817857    419.427792    
9123.885714    466.032227    
9320.130952    424.949882    
9078.398810    584.270189    
8655.789286    481.870727    
9138.891667    459.972477    
8844.263095    471.890623    
9266.719048    550.715586    
8939.447619    357.216304    
8704.776190    352.452371    
9075.929678    405.369178    
8838.169048    331.332027    
9160.296429    434.849899    
9231.496429    354.668225    
9175.200000    414.001712    
9172.825000    396.040753    
9311.815476    426.719656    
9462.551559    464.768229    
8948.921429    332.610814    
8655.494048    602.295802    
9368.586905    316.337692    
9181.927381    345.973634    
9019.659524    440.864438    
9113.132143    293.726003    
9237.016667    242.903537    
9085.796429    484.141125    
9159.419048    285.092471    
9198.609524    353.481282    
9034.554762    563.916390    
9304.679762    517.118768    
9145.303571    418.659089    
9441.878571    486.797190    
9211.194048    459.688975    
9146.460714    493.019673    
9152.996416    451.055326    
9019.416667    546.401928    
9275.419976    504.982213    
9225.876190    509.412651    
9429.691667    485.028047    
9276.039286    541.766113    
9606.689367    534.448061    
9660.063095    475.886471    
9309.714286    620.941677    
9244.650000    798.094766    
9369.624553    775.029478    
9028.307143    603.425934    
9437.439286    481.079348    
9274.004762    366.589231    
9427.126354    659.987716    
8729.209524    705.619108    
9653.495238    442.115763    
9143.302381    535.450555    
9455.677381    651.212188    
8606.202381    592.581696    
9148.521429    243.418813    
9436.305952    525.905347    
9111.186905    472.653706    
8803.000000    517.938512    
8821.186905    737.572367    
9080.869048    403.804847    
9208.007143    608.809017    
9024.327381    515.410760    
8854.766667    496.266593    
9212.240476    445.825042    
8988.580952    444.253939    
9306.416667    731.501074    
8920.338095    821.539285    
9448.021429    645.065009    
9272.783333    543.274278    
8880.513095    409.610541    
8764.632143    775.536683    
9233.901190    844.245151    
8781.357143    579.198978    
9271.745238    649.114193    
8785.115476    823.457110    
9121.735714    379.824604    
9242.361905    591.067009    
9350.882143    512.953599    
9486.319048    727.444158    
9772.294048    496.508229    
8914.628571    734.046113    
9104.402381    568.889221    
9570.246429    380.678680    
8445.942857    662.583288    
9123.747619    359.535465    
8969.271429    786.461824    
9092.853571    611.170358    
8816.176190    470.358096    
8522.223810    771.067822    
8929.025000    595.195765    
8527.967857    719.045338    
9274.472819    1144.350491    
9194.390476    428.890407    
9087.525000    516.888313    
8854.357143    656.522869    
8366.188095    627.436931    
8455.895238    628.357061    
7967.104762    859.897942    
8821.042857    600.544166    
8976.569048    512.803316    
8926.764286    366.085797    
8491.854762    660.573299    
8743.664286    334.296627    
8650.527381    528.543807    
8598.827381    474.712908    
9062.917857    356.674377    
7830.526190    859.547426    
9097.447619    423.196149    
8326.533333    426.441074    
8916.484524    478.813760    
8226.659524    576.209734    
8911.742857    588.575051    
8187.620238    641.627723    
8267.913095    515.386705    
8161.476190    517.121750    
8684.941667    769.607488    
7910.369048    676.106530    
8388.626190    704.248462    
8203.810714    555.484088    
7913.657143    587.201127    
8361.284524    522.635504    
9043.135484    723.085001    
7726.886905    734.567756    
8246.011905    445.645254    
7742.144048    714.642140    
8249.771429    788.177364    
8221.804762    491.844931    
8025.754762    474.948425    
8005.303571    754.829910    
7783.572619    662.880771    
7665.440476    666.264254    
8555.708333    744.455254    
7938.353571    462.347215    
7571.436905    595.624891    
7807.070238    641.941123    
8043.083333    457.086790    
7719.429762    413.980722    
7750.051190    510.587951    
7878.008333    567.517848    
7470.890476    507.799117    
7514.205952    529.817627    
8223.860714    508.635744    
7191.261905    442.325584    
7525.464286    332.463050    
7556.772619    468.674369    
7679.441667    435.475453    
7859.995238    630.976426    
7326.335714    477.525227    
7127.135714    495.648330    
7381.094048    505.303025    
6904.620238    261.115838    
7455.190476    408.095156    
6973.420238    665.156115    
7084.175000    283.842661    
7007.535714    416.159280    
6924.476190    313.541714    
7090.607143    317.426475    
7004.141667    741.380823    
7368.329762    420.635267    
6903.251190    388.078978    
6807.458333    367.502771    
7062.151190    514.234966    
7367.403571    561.093745    
6827.426190    465.372241    
7028.445238    310.075040    
7020.635714    241.786241    
6712.502381    406.736808    
6563.414286    425.496147    
6527.897619    328.042559    
7099.772619    560.209578    
6757.405952    475.080575    
6878.079762    232.073930    
6871.010714    258.810339    
6746.883333    258.082168    
6902.392857    266.154879    
6976.498810    703.226041    
6634.450000    255.404385    
7050.840476    349.186658    
6805.198810    392.101915    
6693.198810    364.921815    
6475.050000    411.598701    
6643.113095    271.752247    
6459.095238    303.621244    
6668.041667    222.197675    
6557.205952    313.847998    
6537.533333    253.516936    
6339.505952    243.494021    
6530.332143    215.666818    
6381.004762    187.838729    
6237.438095    219.830776    
6334.410714    282.283531    
6443.210714    292.650116    
6621.201190    195.811702    
6350.929762    235.540202    
6432.301190    276.997062    
6372.355952    322.086746    
6342.394048    388.965414    
6207.161905    250.156456    
6325.039286    296.831597    
6425.691667    430.406717    
6229.709524    241.086344    
6434.195238    376.636512    
6387.454762    309.581784    
6272.021429    228.150748    
6293.563095    271.925429    
6174.044048    172.561802    
6401.635714    415.453657    
6187.539286    246.206695    
6273.709524    239.197386    
6270.769048    216.358420    
6220.889286    188.544774    
6010.703571    164.474072    
6157.348810    203.767330    
6025.659524    212.941219    
6107.013095    182.781534    
6041.664286    195.841412    
6283.528571    237.549006    
5993.166667    163.290519    
6001.159524    209.854396    
6059.680952    255.168834    
6020.695238    192.027342    
5734.471429    175.255396    
5958.671429    264.522259    
6000.190476    219.005462    
5939.261905    200.661467    
5606.619048    177.258320    
5705.136905    231.165075    
5743.934524    193.195088    
5654.233333    132.549633    
5872.526190    182.862430    
5802.857143    216.091958    
5617.773810    243.547451    
5580.983333    140.656267    
5671.698810    171.651262    
5542.385714    109.350447    
5431.069048    173.259123    
5286.915476    161.980690    
5478.461905    185.566567    
5538.625000    163.070080    
5432.613095    154.556498    
5354.947619    204.235152    
5422.325000    104.689406    
5377.482143    143.197074    
5241.459524    118.119696    
5207.479762    189.816916    
5250.735714    71.823223    
5227.372619    116.857332    
5222.811905    258.451235    
5375.097619    260.932285    
5094.721429    195.083226    
5296.888095    149.393414    
5221.477381    146.821472    
5165.714286    143.881869    
5074.057143    219.465561    
5035.713095    147.169783    
4954.314286    144.845850    
5122.338095    194.520552    
5042.102381    187.012990    
5034.335714    160.481490    
5068.246429    176.522452    
4940.130952    150.005260    
5007.767857    123.291822    
4912.048810    92.599657    
4854.457143    164.227008    
4909.307143    120.796970    
4877.719048    88.724760    
4836.239286    129.245562    
4852.135714    90.458360    
4822.135714    110.286308    
4819.916667    141.385618    
4812.836905    86.252789    
4697.800000    114.407492    
4795.566667    102.687496    
4655.489286    98.798447    
4726.538095    168.793332    
4685.313095    80.302232    
4696.970238    137.356836    
4842.154762    100.215481    
4703.440476    99.407728    
4675.814286    89.444869    
4637.138095    87.751570    
4562.772619    66.354653    
4633.341667    77.371606    
4611.276190    82.741536    
4623.688095    169.232139    
4606.575000    75.125920    
4563.366667    91.700711    
4523.569048    60.198580    
4540.942857    109.581831    
4578.665476    67.102258    
4398.660714    110.887063    
4507.321429    70.010690    
4526.729762    66.727963    
4476.567857    61.462960    
4434.964286    76.637683    
4443.315476    97.760844    
4450.292857    76.280794    
4418.266667    69.648661    
4346.680952    122.499876    
4336.592857    101.301041    
4418.060714    128.948420    
4341.373810    87.998760    
4253.152381    106.650467    
4271.339286    89.797366    
4259.784524    104.361300    
4221.732143    71.770424    
4125.711905    65.229123    
4220.654762    87.330161    
4228.161905    103.662329    
4143.183333    98.232316    
4097.027381    68.023581    
4076.573810    83.492625    
4150.048810    88.605271    
4079.171429    97.298151    
4034.930952    60.132433    
4082.569048    69.150509    
4077.334524    92.556913    
3980.409524    74.819283    
3926.654762    89.390342    
3942.154762    92.609625    
3930.433333    95.353479    
3949.539286    81.340427    
3905.453571    73.193906    
3865.405952    70.882873    
3927.827381    67.587439    
3876.039286    54.581936    
3858.216667    70.807877    
3831.235714    85.417611    
3859.548810    52.610971    
3884.371429    82.835092    
3825.309524    90.968686    
3784.760714    50.998213    
3790.992857    59.512063    
3747.294048    61.689163    
3724.536905    58.879163    
3740.450000    40.163178    
3748.409524    69.689406    
3730.035714    55.779038    
3717.863095    59.521697    
3713.175000    29.905432    
3729.883333    67.069230    
3692.432143    46.371842    
3673.715476    42.549705    
3670.741667    51.907323    
3612.615476    59.829548    
3701.113095    60.155594    
3553.536905    56.675337    
3585.517857    88.022087    
3547.228571    55.185101    
3502.517857    79.710023    
3491.850000    55.102168    
3473.073810    59.538377    
3526.908333    55.260896    
3405.873810    29.509817    
3378.946429    30.544982    
3369.602381    62.691831    
3404.959524    53.365615    
3367.364286    43.166766    
3316.694048    53.454769    
3333.064286    57.222649    
3297.428571    35.253668    
3315.748810    51.466124    
3243.580952    59.802676    
3316.023810    56.350408    
3278.110714    30.125663    
3288.138095    67.371818    
3264.402381    51.354649    
3239.636905    36.448892    
3193.204762    38.628739    
3203.259524    40.042736    
3211.115476    32.636122    
3182.926190    52.331924    
3171.197619    36.145855    
3159.429762    47.082246    
3148.203571    58.436862    
3134.185714    25.568187    
3122.340476    43.802759    
3102.052381    39.530454    
3057.494048    30.082268    
3097.386905    46.952778    
3071.525000    47.883011    
3020.040476    53.065577    
3066.380952    34.288136    
2993.853571    38.945612    
2910.030952    42.487018    
2875.130952    32.157677    
2911.103571    77.283076    
2859.371429    46.427928    
2847.408333    61.647258    
2800.605952    28.646627    
2812.289286    42.938504    
2799.295238    33.266936    
2764.622619    31.420523    
2774.755952    23.429605    
2743.909524    34.131349    
2756.854762    27.916250    
2729.595238    35.595318    
2709.767857    39.221558    
2720.944048    27.824843    
2708.633333    30.536611    
2696.998810    30.850002    
2679.496429    27.866006    
2694.414286    26.323261    
2692.669048    28.267936    
2658.141667    22.720301    
2634.055952    23.129922    
2596.421429    38.905729    
2593.545238    31.998219    
2555.071429    43.128569    
2520.160714    38.484433    
2511.566667    19.279099    
2454.472619    19.892191    
2460.701190    23.492147    
2435.709524    16.362527    
2436.925000    29.059919    
2431.604762    19.650663    
2410.057143    28.633631    
2400.886905    26.365658    
2389.122619    28.554884    
2368.721429    20.496655    
2364.417857    18.200286    
2340.694048    13.303793    
2334.730952    24.116661    
2332.027381    19.156323    
2329.321429    24.795862    
2316.960714    18.267057    
2305.905952    22.688354    
2305.079762    27.461524    
2180.709524    20.709761    
2205.355952    35.824981    
2134.859524    21.404256    
2130.148810    19.932457    
2094.105952    13.686436    
2097.288095    18.223163    
2079.995238    10.675962    
2066.090476    17.445463    
2047.902381    23.702220    
1971.715476    15.605364    
1964.663095    26.829835    
1953.722619    23.585215    
1934.384524    21.334602    
1937.376190    13.020548    
1887.191667    10.871881    
1883.691667    15.925016    
1862.882143    16.680304    
1834.057143    16.547596    
1811.416667    21.187153    
1760.120238    10.336301    
1753.315476    11.995604    
1723.448810    8.742875    
1719.529762    7.899612    
1617.550000    8.010105    
1588.151190    9.618051    
1572.942857    5.706018    
1575.014286    13.461136    
1557.358333    10.602961    
1486.476190    7.789609    
1391.841667    6.569767    
1380.765476    3.828589    
1359.135714    7.542935    
1310.839286    5.203399    
1294.215476    5.970961    
1191.639286    3.697442    
1184.021429    4.034614    
1171.410714    3.620264    
1148.120238    5.786361    
1136.669048    2.830950    
1037.040476    4.279328    
991.186905    1.759889    
970.742857    2.620991    
961.814286    1.811021    
951.282143    3.058192    
941.144048    1.868782    
923.460714    2.625585    
904.359524    3.671548    
894.901190    2.884853    
874.253571    2.227798    
837.609524    2.149176    
801.530952    1.594333    
793.597619    1.961533    
781.925000    2.028451    
761.305952    1.264144    
750.221692    2.571682    
737.796429    1.649022    
710.501190    1.819209    
670.755370    2.668398    
659.909524    1.790559    
651.851013    1.438603    
640.353571    1.373208    
605.049457    2.753870    
597.205952    1.473322    
581.227381    1.796680    
571.560714    1.644219    
563.875000    1.017627    
558.964286    1.260635    
554.245823    1.536105    
547.339286    1.186383    
544.511905    1.560632    
539.118293    1.475625    
533.171429    0.854480    
520.258065    1.396470    
518.200000    1.646208    
515.210714    0.906132    
498.235714    0.823269    
497.479762    1.076622    
494.292857    1.631519    
492.013095    1.033289    
484.862932    1.050136    
481.923810    1.203726    
476.495169    1.631136    
474.917067    0.993535    
471.457587    1.594399    
458.643457    1.045833    
456.170238    0.863724    
