672.136111    3.852247    
671.461111    2.753006    
671.077886    3.067991    
670.766760    3.391999    
666.963889    2.862366    
667.542538    2.781678    
667.502809    3.947691    
668.342254    4.371133    
666.860918    4.401620    
669.138075    4.693586    
668.760900    4.119753    
671.624478    3.079523    
673.758333    3.282519    
674.300000    4.065984    
676.952580    4.223595    
679.808333    2.626666    
681.121678    3.036011    
681.925352    3.215947    
683.588732    2.854181    
683.988717    2.491144    
690.507042    2.799765    
696.576389    2.818539    
700.165508    3.432906    
703.120833    2.551821    
704.390278    2.771214    
707.332406    2.679328    
709.909218    3.192847    
713.369444    5.622589    
715.938889    3.114329    
719.548252    4.077756    
723.208101    3.266982    
725.493741    5.753118    
729.693056    1.784643    
732.556328    2.831245    
733.469359    2.879383    
739.965278    3.497247    
751.836111    4.222733    
760.884722    3.574103    
765.686111    2.353207    
768.627778    4.408679    
774.367177    4.014762    
783.134722    3.117587    
788.573611    2.151904    
791.422222    2.863478    
794.011111    3.301075    
802.139241    4.854742    
807.509091    4.597459    
813.033426    5.036800    
820.652778    4.499258    
826.740278    4.327309    
831.556944    4.860508    
837.181944    5.311827    
845.626389    5.726219    
854.834722    7.037729    
859.823611    4.749649    
865.008333    5.305651    
870.108333    4.771377    
877.325000    5.179279    
888.887500    6.379861    
896.631944    4.486936    
907.337500    6.439784    
907.081944    3.735001    
923.140449    4.569064    
940.708333    5.454197    
955.055556    4.449997    
959.318056    5.299917    
968.686111    5.182109    
970.530556    5.162004    
990.972184    5.844942    
1002.255556    3.548665    
1006.573611    4.150987    
1009.061111    4.513762    
1009.559722    7.204496    
1016.093056    6.323102    
1023.915278    10.806751    
1034.755556    10.469863    
1050.222222    5.670151    
1063.001389    4.990129    
1066.190278    5.943125    
1070.993056    7.652611    
1103.440278    9.540515    
1116.051389    7.349896    
1121.256944    6.481969    
1124.379167    7.407906    
1132.733333    5.681207    
1140.627778    5.117541    
1148.330556    5.158236    
1266.261111    6.678210    
1336.918056    7.369246    
1452.963889    8.914335    
1631.493056    10.530773    
1636.743056    7.275288    
1645.837500    6.550232    
1684.841667    12.734356    
1697.990278    7.778436    
1706.304167    8.603648    
1714.983333    7.110809    
1719.237500    7.562553    
1725.481944    7.928655    
1732.868056    8.677274    
1751.451389    9.891656    
1758.027778    8.407953    
1766.606944    7.488859    
1824.065278    30.746679    
1822.755556    21.238166    
1867.300000    12.492287    
1870.759722    11.766798    
1883.362500    8.985048    
1888.670833    11.942745    
1885.700000    9.062989    
1892.575000    8.105207    
1903.790278    12.209248    
1906.813889    13.753235    
1943.558333    8.652838    
1951.786111    11.824355    
1956.850000    9.851946    
1953.823611    10.121251    
1960.223611    17.127504    
1963.613889    11.808816    
1971.838889    12.117899    
1988.069444    17.763122    
1998.637500    12.725542    
2016.609722    16.416258    
2015.626389    14.497437    
2039.079167    11.038977    
2036.600000    12.069406    
2054.976389    13.279087    
2055.781944    13.600284    
2062.337500    18.419758    
2073.365278    16.671205    
2083.348611    17.259921    
2083.344444    16.334633    
2098.463889    18.094622    
2110.216667    20.486452    
2107.137500    17.238820    
2112.470833    12.433344    
2123.618056    14.010609    
2128.688889    13.305299    
2139.097222    11.097997    
2153.963889    8.064416    
2155.736111    11.899922    
2159.040278    10.687209    
2164.073611    9.806680    
2172.266667    12.903854    
2183.359722    14.535963    
2181.280556    20.002754    
2189.568056    14.848806    
2193.038889    17.452193    
2200.048611    18.702989    
2198.723611    18.444285    
2211.555556    18.152585    
2223.934722    17.117565    
2256.350000    12.992402    
2270.073611    19.825667    
2284.306944    20.114573    
2302.948611    14.912853    
2316.569444    8.304327    
2322.390278    11.786488    
2331.605556    15.442005    
2340.947222    12.387157    
2348.108333    10.492295    
2355.351389    11.333707    
2367.737500    14.170166    
2357.737500    16.215621    
2364.736111    15.090369    
2366.379167    13.982801    
2379.394444    14.191644    
2385.027778    10.915804    
2387.273611    10.807218    
2385.854167    9.934486    
2393.758333    10.734546    
2401.218056    13.305427    
2406.715278    9.148515    
2403.618056    8.827039    
2409.413889    9.683797    
2415.244444    10.765362    
2410.673611    9.935647    
2423.415278    15.322860    
2420.265278    12.625060    
2426.366667    19.354414    
2430.286111    15.174406    
2443.298611    16.653528    
2453.612500    17.674483    
2455.509722    15.772688    
2471.069444    19.045943    
2476.679167    19.983635    
2484.997222    21.707333    
2499.077778    26.915651    
2519.015278    23.234757    
2536.054167    31.221807    
2566.909722    34.543795    
2577.209722    32.167948    
2597.333333    30.448955    
2608.777778    23.681112    
2622.423611    18.394512    
2626.326389    18.415961    
2636.856944    20.670976    
2642.768056    15.685639    
2656.476389    15.406781    
2658.995833    15.074122    
2672.233333    17.792196    
2674.502778    20.666465    
2674.730556    18.731277    
2676.722222    20.508685    
2675.377778    17.150366    
2690.215278    18.669778    
2687.925000    12.123780    
2699.933333    13.991505    
2714.619444    17.261298    
2723.104167    20.610515    
2726.666667    17.544546    
2738.397222    15.839402    
2742.394444    15.497938    
2763.830556    15.970430    
2759.286111    11.362161    
2772.115278    15.671073    
2770.704167    13.793818    
2788.269444    21.073737    
2788.330556    13.572303    
2796.097222    23.165983    
2802.983333    11.134643    
2817.066667    11.898926    
2811.305556    18.037645    
2824.213889    16.980424    
2817.752778    12.575328    
2833.643056    11.608861    
2832.523611    20.709820    
2840.947222    17.936229    
2835.927778    19.215020    
2850.802778    13.151679    
2855.308333    18.946619    
2864.940278    20.208855    
2867.241667    21.640303    
2872.559722    18.763048    
2903.080556    36.229464    
2889.927778    39.750371    
2891.443056    27.635265    
2954.212500    42.220198    
2949.722222    37.107884    
3079.829167    30.962253    
3158.779167    23.764174    
3181.911111    20.222248    
3189.637500    23.594149    
3211.769444    27.543897    
3182.087500    26.426142    
3211.613889    18.525983    
3217.233333    27.631474    
3271.197222    24.385105    
3298.738889    30.927534    
3301.066667    21.151333    
3294.015278    15.714061    
3296.768056    18.700574    
3304.748611    17.882467    
3312.175000    19.196207    
3310.715278    13.860247    
3329.702778    18.232693    
3319.726389    16.411509    
3361.444444    23.831870    
3380.961111    26.585160    
3384.105556    21.966198    
3436.851389    39.204717    
3410.113889    28.001703    
3400.965278    20.125099    
3445.758333    18.223838    
3448.569444    21.184918    
3503.194444    24.877276    
3566.769444    33.260289    
3586.534722    27.106814    
3597.650000    26.954483    
3599.522222    25.204763    
3614.325000    30.135157    
3614.450000    18.841525    
3629.772222    27.426939    
3640.269444    34.137502    
3647.636111    33.858625    
3656.277778    36.435606    
3654.794444    36.033503    
3656.511111    30.727655    
3645.679167    22.182854    
3649.694444    52.210562    
3695.154167    55.441810    
3674.519444    35.312371    
3664.380556    24.444544    
3672.651389    28.320867    
3703.076389    27.198826    
3703.304167    33.388587    
3710.040278    25.015379    
3698.988889    22.666051    
3709.630556    30.736102    
3725.244444    31.638781    
3716.595833    35.283994    
3752.565278    30.295923    
3755.823611    24.615730    
3764.887500    31.641742    
3784.272222    37.443228    
3773.354167    44.442139    
3814.065278    48.396854    
3778.398611    39.577571    
3823.172222    31.862697    
3826.268056    55.321350    
3821.056944    54.252121    
3825.941667    54.092790    
3840.995833    61.325667    
3855.559722    45.488421    
3859.833333    53.454784    
3905.587500    55.394425    
3900.904167    39.819426    
3888.481944    45.174565    
3911.887500    43.452303    
3921.338889    43.343994    
3943.705556    37.845732    
3954.077778    35.599306    
3946.943056    50.445359    
3957.348611    41.101864    
3975.822222    38.681808    
3987.927778    57.538565    
3983.125000    51.167111    
3996.600000    44.542626    
3987.884722    32.704430    
3991.991667    35.759846    
4006.315278    28.298298    
4026.230556    24.647676    
4026.804167    20.266330    
4035.945833    26.817151    
4033.694444    20.133540    
4047.770833    34.332912    
4053.851389    40.701131    
4065.169444    32.478825    
4078.565278    35.106879    
4076.775000    38.237989    
4081.576389    53.612211    
4130.334722    59.762241    
4112.558333    50.402760    
4227.868056    56.932422    
4195.684722    50.447958    
4165.351389    42.139354    
4239.731944    66.575576    
4238.702778    41.920964    
4229.684722    58.483752    
4291.548611    46.170793    
4304.430556    42.145458    
4322.113889    53.558414    
4384.030556    45.996668    
4404.516667    55.244680    
4391.176389    49.201776    
4390.472222    54.528706    
4383.966667    62.575745    
4345.127778    58.254163    
4398.965278    62.073949    
4440.834722    59.324008    
4454.704167    68.898899    
4448.851389    41.995785    
4479.540278    35.810590    
4506.166667    76.044212    
4493.463889    50.880839    
4514.016667    55.494667    
4487.388889    52.789981    
4518.969444    49.354462    
4516.512500    44.912691    
4497.884722    42.203301    
4504.016667    48.220584    
4503.623611    29.690229    
4499.044444    35.402067    
4494.108333    41.004938    
4509.309722    39.299242    
4547.855556    38.030159    
4528.276389    53.057333    
4550.063889    39.965455    
4576.072222    33.410790    
4567.606944    28.933971    
4576.963889    28.932802    
4587.129167    36.397172    
4579.033333    43.318478    
4587.909722    33.439355    
4614.722222    32.298616    
4583.418056    25.840460    
4572.176389    36.994305    
4545.415278    33.666148    
4591.048611    57.680048    
4622.997222    69.460140    
4634.493056    41.366283    
4623.343056    47.284339    
4682.405556    87.069748    
4678.463889    50.564770    
4655.127778    54.724211    
4684.058333    47.641449    
4691.556944    43.458564    
4679.777778    40.875768    
4729.700000    62.539379    
4671.502778    51.766811    
4674.369444    37.972244    
4690.755556    29.394231    
4704.069444    39.587676    
4707.291667    38.723176    
4710.456944    64.548525    
4743.633333    55.570366    
4724.819444    44.183841    
4733.048611    70.716308    
4734.654167    75.238776    
4694.358333    52.576710    
4709.604167    51.827601    
4718.358333    70.719865    
4709.947222    62.206131    
4725.734722    63.142677    
4745.118056    64.520356    
4742.234722    69.776920    
4750.923611    60.811489    
4769.768056    54.562837    
4742.668056    81.741748    
4740.452778    87.276607    
4776.531944    52.498350    
4793.443056    60.189142    
4834.581944    63.860190    
4844.456944    52.312053    
4838.680556    44.789361    
4805.169444    52.609982    
4874.347222    44.314896    
4877.991667    52.160169    
4858.058333    36.731071    
4868.468056    50.714332    
4873.902778    44.501173    
4859.002778    56.759850    
4855.780556    67.108611    
4880.795833    46.498701    
4928.668056    43.454920    
4931.800000    49.816625    
4958.663889    55.464662    
4909.026389    61.733145    
4915.152778    34.010072    
4913.279167    53.539120    
4919.936111    43.281172    
4933.438889    55.443982    
4958.566667    50.873902    
4994.398611    64.872253    
4986.091667    73.130021    
4987.308333    66.606531    
5004.901389    87.067646    
5029.988889    106.914308    
4990.798611    103.685099    
5069.715278    114.677377    
5086.094444    130.072339    
5090.623611    109.334864    
5058.363889    92.149355    
5042.677778    91.354204    
5075.958333    127.652070    
5008.051389    79.122050    
5014.205556    69.451158    
5039.806944    63.444356    
5091.720833    49.668748    
5079.276389    46.593246    
5059.593056    41.916613    
5053.229167    64.200199    
5079.720833    88.344142    
5123.337500    79.435937    
5083.656944    90.182456    
5105.819444    76.188969    
5077.376389    51.425688    
5093.323611    57.701141    
5111.195833    64.344919    
5086.756944    83.704726    
5127.288889    65.961857    
5183.055556    61.233249    
5142.636111    53.216991    
5120.913889    67.105210    
5188.977778    67.659130    
5163.463889    73.214099    
5158.218056    50.936354    
5201.981944    104.065890    
5239.198611    95.905933    
5281.729167    77.954903    
5302.655556    68.462993    
5368.026389    86.656927    
5399.323611    185.521987    
5323.968056    104.802899    
5375.851389    89.902425    
5413.547222    121.630419    
5375.194444    92.293048    
5524.127778    109.631632    
5425.044444    99.463831    
5396.368056    183.098393    
5589.468056    128.142809    
5713.993056    151.139068    
5656.631944    164.323248    
5588.150000    177.635128    
5649.437500    118.451814    
5699.205556    82.095672    
5750.015278    61.483612    
5740.463889    90.338769    
5698.272222    92.136121    
5793.498611    97.338299    
5732.866667    72.583680    
5759.765278    48.606774    
5773.562500    55.499589    
5825.784722    77.903017    
5854.625000    88.809556    
5793.327778    59.051045    
5708.173611    141.274404    
5804.836111    112.105783    
5811.376389    97.871436    
5748.223611    83.817999    
5845.561111    59.967645    
5817.934722    106.270226    
5886.313889    93.216736    
5851.119444    115.414962    
5861.766667    124.134441    
5845.666667    95.899354    
5875.365278    59.845530    
5847.708333    62.201674    
5901.313889    100.380907    
5848.730556    89.839237    
5860.102778    63.331035    
5819.045833    97.911961    
5882.791667    53.809963    
5902.959722    56.357340    
5913.091667    75.539448    
5938.286111    56.912617    
5882.237500    63.461257    
5891.741667    70.997554    
5878.831944    58.230465    
5872.418056    80.200800    
5898.440278    61.483167    
5874.427778    105.008202    
5954.637500    53.896073    
5980.273611    63.147876    
5969.630556    72.733701    
5961.368056    95.581055    
5971.029167    52.170772    
5912.884722    62.948121    
5980.669444    78.074264    
5934.602778    96.612976    
6025.847222    57.959004    
6086.751389    61.589980    
6048.383333    42.026153    
6127.863889    146.089797    
6018.127778    75.281548    
6058.690278    58.021691    
6047.319444    73.688501    
6054.994444    65.309647    
6095.920833    65.180481    
6125.150000    42.267399    
6117.906944    68.752503    
6043.975000    62.144093    
6089.605556    97.367217    
6096.137500    109.547157    
6087.073611    75.402228    
6120.723611    93.711926    
6029.676389    82.958621    
6076.334722    82.005677    
6097.958333    52.323018    
6139.256944    61.607218    
6117.100000    67.319850    
6122.848611    60.028032    
6092.709722    74.382143    
6134.962500    69.074356    
6143.318056    66.706906    
6191.731944    68.989324    
6171.468056    79.109271    
6144.516667    109.735818    
6188.131944    62.249124    
6197.527778    76.152236    
6202.045833    95.094832    
6207.312500    114.213656    
6182.043056    80.720313    
6178.358333    99.084711    
6188.991667    63.564665    
6257.638889    103.565157    
6228.597222    120.867221    
6266.400000    78.137262    
6175.066667    111.815316    
6212.697222    78.645601    
6264.266667    115.582924    
6247.175000    91.619927    
6310.552778    154.397134    
6284.506944    115.979368    
6345.340278    125.558185    
6289.634722    75.149822    
6290.190278    72.862837    
6270.411111    86.807980    
6407.086111    102.201725    
6377.768056    97.959290    
6389.718056    89.373217    
6359.648611    104.090306    
6401.804167    91.921520    
6317.501389    110.117299    
6374.094444    88.453892    
6422.508333    79.779017    
6330.929167    96.113904    
6368.676389    136.905247    
6409.558333    121.990355    
6365.750000    134.197134    
6436.863889    107.770697    
6428.294444    157.415990    
6394.861111    73.715087    
6375.209722    100.286086    
6366.672222    110.728551    
6383.534722    83.077784    
6450.293056    63.796347    
6372.011111    82.114215    
6403.802778    116.656916    
6411.554167    90.981301    
6431.319444    94.951819    
6473.720833    105.000998    
6454.659722    129.915441    
6525.572222    99.956840    
6538.319444    148.255394    
6517.863889    136.404722    
6488.495833    99.206309    
6477.601389    114.035074    
6453.740278    90.800471    
6469.093056    119.024885    
6500.790278    106.909524    
6516.302778    124.140143    
6590.211111    88.298719    
6565.109722    91.841639    
6629.573611    119.523313    
6572.684722    83.972478    
6604.273611    73.315652    
6526.037500    89.973021    
6564.363889    90.304659    
6533.318056    117.029935    
6581.430556    129.230578    
6585.322222    84.953576    
6679.527778    86.225572    
6671.931944    73.958769    
6671.816667    84.005256    
6684.652778    98.036297    
6680.468056    83.086930    
6762.508333    109.634240    
6684.100000    111.124610    
6821.647222    68.631569    
6763.627778    87.224951    
6758.145833    77.640515    
6780.925000    85.356377    
6738.837500    75.529924    
6816.980556    98.283248    
6779.129167    94.217501    
6747.719444    92.407697    
6824.623611    75.738063    
6796.311111    83.983715    
6764.736111    83.862817    
6774.066667    86.913197    
6811.466667    104.138284    
6789.923611    78.548241    
6788.266667    77.045845    
6820.100000    65.902504    
6823.038889    85.492372    
6823.911111    86.841653    
6802.890278    97.496398    
6906.847222    96.281266    
6888.173611    109.943049    
6872.223611    87.634238    
6952.769444    99.252216    
6877.573611    107.299750    
6905.880556    82.769020    
6918.619444    85.140323    
6971.719444    97.099758    
6942.418056    70.603147    
6931.979167    117.210605    
6948.615278    72.057157    
7069.198611    119.954486    
7086.916667    121.527666    
7086.569444    84.038174    
7006.277778    83.097938    
7078.945833    95.859829    
7089.529167    115.164347    
7240.375000    200.394163    
7218.208333    131.391679    
7138.212500    136.651709    
7086.202778    165.775368    
7108.376389    143.701934    
6991.066667    91.203609    
7091.147222    83.150670    
7148.101389    126.844599    
7150.972222    112.764377    
7308.241667    176.250098    
7317.723611    162.854656    
7264.872222    163.211146    
7235.048611    159.567189    
7153.263889    104.005154    
7067.190278    148.746601    
7136.602778    166.392877    
7213.637500    172.441191    
7456.730556    133.043141    
7394.055556    154.985384    
7411.402778    152.810854    
7272.872222    129.548212    
7476.604167    137.445819    
7688.923611    136.297779    
7586.775000    176.032389    
7560.108333    189.739000    
7566.980556    121.357608    
7783.638889    179.233197    
7558.425000    147.923873    
7776.829167    201.404575    
7907.169444    186.936142    
7885.855556    298.937236    
8011.500000    223.453662    
7971.715278    150.747142    
8019.641667    238.694696    
8072.290278    143.918082    
7997.426389    230.630115    
7725.331944    211.567180    
7840.551389    179.323893    
8182.931944    155.655833    
7925.081944    146.768687    
8051.133333    149.919919    
7856.523611    145.703550    
8158.543056    144.506875    
7943.513889    184.233630    
7889.091667    155.904654    
8127.683333    136.982814    
8156.456944    119.029914    
8128.291667    121.528647    
8136.338889    98.420310    
8067.281944    200.225227    
8153.837500    129.507153    
8170.893056    133.376216    
8047.836111    224.220807    
8262.237500    88.695565    
8216.344444    98.159823    
8006.440278    149.893561    
8295.505556    90.527467    
8283.315278    96.883259    
8262.302778    122.410682    
8354.263889    129.765600    
8290.319444    144.845342    
8311.972222    98.407652    
8363.648611    142.656211    
8355.663889    118.578283    
8339.444444    80.118331    
8326.943056    173.384282    
8415.900000    90.826367    
8409.830556    140.826851    
8272.123611    158.251777    
8338.826389    131.025047    
8400.388889    134.806286    
8402.851389    141.797190    
8375.275000    136.788825    
8390.229167    122.179417    
8404.376389    135.498693    
8379.234722    125.632386    
8426.348611    126.652343    
8454.258333    195.055270    
8374.406944    123.406509    
8397.416667    164.120818    
8430.311111    139.273583    
8432.880556    148.644551    
8414.033333    122.249547    
8453.059722    123.280374    
8508.105556    103.087826    
8464.633333    114.862123    
8498.130556    90.080702    
8438.683333    153.495077    
8354.179167    217.188704    
8364.318056    145.614704    
8461.256944    113.039039    
8436.770833    149.682549    
8501.012500    123.107298    
8623.979167    119.269773    
8645.605556    113.826513    
8575.180556    118.597443    
8599.479167    125.956395    
8598.733333    96.969087    
8667.015278    155.251556    
8578.923611    159.959642    
8622.205556    112.500504    
8565.197222    119.866813    
8551.943056    112.551326    
8543.511111    175.786897    
8523.906944    156.490303    
8493.556944    149.208233    
8577.094444    167.460093    
8760.015278    125.306928    
8756.736111    160.759024    
8749.619444    212.591947    
8702.556944    147.825102    
8732.240278    199.168255    
8716.062500    172.403444    
8828.398611    187.262481    
8756.711111    209.812462    
8801.752778    252.421049    
8759.605556    223.079514    
8777.298611    290.236223    
8679.919444    201.470046    
8789.302778    216.694453    
8783.290278    217.955603    
8666.815278    212.471836    
8766.463889    211.431316    
8849.872222    267.247566    
8833.504167    236.025087    
8900.683333    291.358441    
8808.218056    257.134068    
8707.081944    242.562060    
8816.019444    196.658078    
8833.401389    252.627512    
8928.241667    245.443052    
8858.759722    200.589698    
8835.862500    181.683323    
8888.965278    182.529587    
8738.215278    206.477358    
8777.634722    155.971583    
8787.077778    171.473628    
8783.152778    150.744123    
8952.983333    217.505421    
8795.480556    150.463154    
8900.962500    113.739346    
8990.602778    167.494463    
8893.827778    148.977136    
8819.062500    122.966482    
8952.197222    163.820735    
8859.404167    186.795548    
8902.463889    190.455707    
8933.740278    169.472328    
8986.750000    173.956544    
8831.094444    198.376226    
8781.473611    252.806633    
8862.126389    201.763804    
8870.650000    206.115279    
8906.929167    208.960315    
8894.213889    214.563507    
8869.756944    195.921755    
8969.681944    193.752456    
9067.947222    289.913038    
8949.077778    264.783658    
9016.290278    181.192663    
9080.091667    223.211440    
9064.563889    293.034789    
8930.434722    207.643568    
8931.448611    232.241984    
8968.862500    241.392446    
9009.772222    246.879769    
8964.125000    262.006570    
8923.048611    311.023399    
8938.877778    215.784258    
8984.236111    245.076870    
9021.358333    246.899343    
9028.891667    266.634716    
9011.494444    244.294978    
8939.670833    223.153563    
8979.833333    181.117434    
9003.793056    212.529691    
8971.413889    231.424996    
8968.343056    230.461693    
9052.690278    180.928062    
8956.227778    199.746321    
8993.640278    190.344949    
8842.362500    242.579673    
8829.241667    241.576454    
8804.118056    231.302222    
8792.750000    218.630100    
8824.450000    188.685151    
8906.887500    201.000241    
8871.437500    180.308675    
8851.872222    206.409337    
8776.083333    222.530457    
8908.854167    259.887908    
8918.930556    176.593328    
8850.840278    201.534098    
8945.104167    176.364597    
8940.669444    169.290732    
8955.247222    173.965426    
8919.090278    216.776559    
8845.936111    218.590787    
8893.966667    179.496236    
8877.522222    222.997290    
8864.570833    250.625125    
8979.663889    272.365907    
8989.747222    329.784378    
8872.787500    239.660693    
8784.000000    230.243868    
8801.470833    185.916668    
8779.233333    137.133830    
8727.750000    170.151113    
8654.633333    169.064539    
8754.629167    119.771205    
8682.363889    133.082298    
8726.441667    116.818898    
8479.740278    217.166387    
8625.056944    157.448028    
8680.319444    227.608187    
8673.548611    192.187402    
8699.402778    173.658682    
8633.091667    170.328009    
8584.655556    205.820231    
8658.255556    172.286152    
8678.775000    205.354184    
8698.723611    239.169141    
8444.112500    212.289857    
8546.165278    237.668359    
8522.665278    213.714316    
8510.336111    233.802334    
8359.438889    199.587614    
8412.643056    216.095810    
8385.686111    218.481035    
8337.922222    219.224845    
8326.766667    173.397059    
8181.611111    230.809431    
8009.619444    296.494280    
7813.844444    242.000903    
8191.993056    163.733884    
7846.994444    273.498654    
7989.850000    218.528246    
8012.277778    268.470199    
8118.948611    255.110698    
8261.165278    131.481322    
8085.912500    197.477156    
8302.601389    153.630168    
7844.801389    287.635723    
8217.823611    171.697249    
8069.616667    174.167967    
7894.820833    204.992398    
7716.208333    185.537323    
7951.113889    184.357392    
7783.345833    210.872575    
7891.972222    195.278467    
7802.906944    150.217069    
7875.393056    222.780459    
7873.515278    185.064650    
7706.880556    205.987505    
7699.584722    150.450993    
7452.927778    226.191126    
7437.816667    224.933113    
7385.741667    192.416396    
7348.166667    210.850072    
7313.072222    187.176997    
7319.063889    156.306168    
7185.602778    239.014029    
7176.259722    220.377323    
7237.030556    188.249013    
7089.009722    194.286347    
7007.665278    120.284179    
7068.140278    160.797979    
7012.891667    196.567813    
6953.704167    173.244841    
6891.941667    195.750683    
6997.715278    133.305292    
6966.450000    154.492917    
6940.340278    119.652237    
6940.490278    129.299942    
6889.766667    123.397105    
6801.551389    152.248162    
6727.888889    141.435218    
6781.516667    95.929009    
6839.090278    149.865417    
6776.600000    184.463836    
6803.554167    175.754374    
6769.245833    78.543260    
6990.519444    81.457229    
6883.704167    116.051677    
6914.401389    109.467632    
6779.687500    99.184919    
6851.263889    113.809745    
6691.044444    131.154047    
6778.044444    128.262559    
6804.533333    88.968387    
6715.375000    113.704361    
6699.319444    111.042137    
6752.822222    98.307435    
6611.331944    110.535274    
6707.804167    61.902739    
6583.491667    127.568587    
6667.879167    83.197944    
6620.661111    106.976512    
6625.184722    86.367339    
6546.554167    119.923019    
6600.401389    108.064648    
6537.601389    74.831910    
6472.915278    157.269690    
6395.102778    140.673876    
6558.844444    135.229961    
6577.775000    142.284220    
6561.863889    98.463407    
6467.315278    115.949040    
6456.897222    110.435089    
6279.666667    101.087366    
6384.106944    89.358336    
6268.273611    124.564893    
6267.222222    89.144300    
6298.569444    95.274855    
6279.136111    71.493130    
6300.151389    121.797045    
6277.369444    83.210941    
6297.990278    55.314491    
6284.152778    95.413014    
6166.363889    116.201398    
6240.350000    85.229802    
6242.931944    111.368468    
6153.168056    84.767563    
6210.801389    87.657910    
6113.520833    125.541625    
6151.933333    123.492874    
6177.093056    86.635401    
6269.111111    120.794609    
6242.702778    126.128816    
6121.351389    68.484022    
6073.379167    48.050285    
6139.365278    74.948435    
6076.913889    63.734177    
6093.456944    63.465177    
6077.398611    59.322408    
6024.070833    65.718374    
5972.397222    45.208044    
6033.841667    48.917646    
6040.068056    58.865757    
6012.991667    66.779529    
5951.706944    48.755472    
5986.220833    40.097276    
5984.027778    43.984932    
6025.330556    70.021419    
5935.569444    53.345084    
5915.023611    44.220605    
5927.431944    51.403695    
5903.477778    68.081381    
5927.702778    77.672124    
5946.293056    66.661158    
5778.063889    111.593863    
5812.852778    111.283025    
5828.300000    68.960689    
5792.655556    61.657258    
5711.488889    119.713848    
5789.908333    45.303881    
5768.338889    79.998900    
5745.641667    74.745118    
5775.205556    42.634779    
5777.195833    60.770806    
5741.423611    63.299089    
5724.962500    93.511155    
5656.218056    59.445759    
5724.495833    82.381548    
5702.383333    80.033970    
5548.495833    82.777479    
5582.580556    56.142222    
5449.393056    64.588094    
5370.158333    94.836277    
5324.027778    87.723757    
5206.047222    108.587896    
5193.647222    63.122966    
5237.984722    153.101559    
5212.623611    101.685333    
5176.530556    65.042885    
5142.495833    92.701702    
5113.173611    52.372269    
5150.077778    62.397334    
5107.616667    34.696866    
5073.729167    40.046122    
5012.508333    44.545669    
5032.656944    53.593406    
5019.179167    47.769991    
5011.077778    55.360481    
5022.591667    39.064369    
5002.422222    50.378810    
5000.263889    32.657862    
4954.905556    51.368435    
5007.304167    70.928469    
4980.470833    51.780002    
5005.862500    61.566330    
4904.381944    61.939778    
4824.490278    70.250266    
4848.723611    71.766771    
4806.887500    100.789232    
4814.869444    64.312666    
4794.787500    69.720379    
4786.475000    56.774206    
4736.991667    50.815625    
4762.075000    57.446811    
4725.676389    54.944411    
4685.936111    51.087168    
4687.690278    65.120529    
4723.666667    50.065013    
4661.405556    39.990755    
4692.006944    62.248148    
4648.420833    37.551363    
4621.391667    52.654106    
4573.776389    42.161050    
4554.263889    59.939018    
4574.655556    61.837293    
4537.584722    34.743561    
4556.522222    38.876222    
4495.709722    42.374559    
4492.394444    52.612102    
4453.036111    68.896088    
4449.650000    34.893326    
4424.131944    52.228457    
4451.884722    40.221012    
4431.441667    38.052112    
4359.518056    56.893245    
4283.650000    80.742112    
4272.623611    88.629449    
4263.770833    74.679437    
4249.405556    89.375997    
4165.834722    36.874286    
4118.419444    44.068843    
4126.984722    58.135030    
4141.487500    60.534585    
4086.901389    72.782267    
4049.070833    33.109192    
4048.552778    55.645205    
4024.068056    32.293482    
4025.243056    40.514820    
3986.916667    35.655586    
3981.520833    47.035709    
3960.734722    55.437331    
3914.220833    44.043033    
3950.681944    42.889816    
3934.768056    31.758950    
3934.784722    40.047327    
3900.411111    27.753536    
3910.298611    28.145821    
3858.756944    36.891629    
3869.859722    21.027126    
3841.681944    34.611578    
3853.229167    29.907802    
3819.394444    27.174845    
3809.330556    24.776482    
3781.988889    20.626032    
3754.526389    29.003819    
3753.405556    33.293509    
3751.455556    15.553786    
3763.126389    33.758199    
3689.273611    29.922704    
3702.991667    20.340229    
3674.736111    20.422681    
3648.731944    25.369198    
3630.644444    27.878082    
3614.123611    20.881744    
3619.409722    28.058672    
3575.345833    46.073867    
3542.591667    62.040152    
3483.987500    46.843695    
3447.802778    32.399288    
3430.184722    19.997654    
3410.943056    27.928298    
3369.319444    18.005112    
3351.470833    22.425165    
3341.568056    28.078132    
3330.131944    17.900592    
3311.870833    14.574092    
3324.758333    21.325192    
3311.976389    29.696535    
3282.675000    22.858379    
3261.291667    28.356871    
3262.315278    21.352057    
3237.656944    20.437991    
3221.505556    35.913050    
3217.277778    37.855215    
3206.018056    19.395044    
3189.462500    25.093907    
3154.716667    25.255808    
3098.470833    15.899746    
3082.579167    22.398645    
3076.881944    16.999304    
2798.865278    33.812020    
2770.445833    25.672128    
2769.555556    40.527764    
2729.730556    29.018235    
2343.686111    23.604821    
2303.038943    20.745256    
2288.680614    43.494014    
2252.909722    23.936639    
2232.661111    37.232440    
2221.334266    36.202289    
2202.475921    33.680554    
2196.129167    29.678298    
2172.322222    18.062824    
2160.766667    21.216961    
2156.427778    19.994035    
2136.998601    24.179428    
2125.390278    26.450145    
2113.402778    26.076522    
2097.090278    26.189564    
2088.691667    21.916557    
2065.690278    17.622663    
2043.968056    22.157274    
2005.337047    22.690801    
1964.262784    19.069788    
1948.338663    22.898604    
1930.412884    16.367735    
1916.831944    19.036247    
1902.338048    19.551991    
1894.072323    27.580461    
1896.822222    27.892035    
1874.655076    30.615168    
1858.163889    31.096058    
1811.407876    26.186277    
1790.577778    26.034850    
1786.640167    25.688705    
1772.800000    22.065839    
1753.029207    18.608416    
1725.872222    12.488230    
1713.287500    15.378804    
1695.995833    12.339018    
1665.413889    10.651464    
1636.595833    13.104780    
1617.370833    10.958380    
1605.456944    10.301609    
1598.963889    12.760348    
1589.697222    12.157188    
1581.072222    10.968151    
1567.467877    12.945754    
1546.092050    11.189874    
1518.121001    12.270620    
1497.233240    5.538092    
1483.502110    7.147211    
1469.495077    9.519817    
1460.249649    6.169140    
1423.253165    10.376894    
1396.394444    13.789689    
1375.733333    8.159078    
1359.195833    8.661648    
1350.820833    6.547040    
1341.370266    5.283047    
1326.569444    9.503985    
1303.362500    11.118452    
1282.936111    11.431989    
1271.477778    11.707764    
1265.683333    11.748392    
1248.420833    13.863796    
1226.714882    11.564450    
1210.101389    8.558589    
1197.973611    6.872499    
1186.927778    6.773749    
1180.498611    7.446849    
1168.555556    8.563146    
1144.632823    9.388765    
1136.244444    4.768673    
1126.873611    8.076328    
1117.456944    8.174203    
1110.593056    6.349952    
1093.962500    7.068120    
1073.816667    6.931590    
1065.465278    8.855094    
1060.084722    10.257642    
1053.025210    7.058533    
1035.329577    7.038614    
1018.188811    5.427914    
1007.554937    4.393316    
999.539326    3.867340    
992.209564    4.461080    
974.142053    6.359667    
959.782361    4.811630    
954.275216    6.312062    
945.451237    6.863624    
938.183644    6.749940    
925.062235    4.961701    
911.879167    5.564831    
905.199442    5.675129    
889.875583    8.100654    
874.899301    6.321542    
870.403068    4.242725    
858.191702    6.578927    
847.038179    5.513434    
832.601418    4.781020    
823.209040    4.417969    
812.672293    4.463108    
797.987448    2.089653    
790.769457    2.302653    
784.708508    5.024359    
770.717877    4.633949    
764.023677    2.931578    
755.598326    3.746187    
742.574616    3.855344    
734.387786    2.956040    
727.556348    2.835234    
716.899576    3.300137    
707.483193    2.789611    
702.218935    2.724423    
692.086495    2.582205    
682.213433    3.041622    
677.652367    1.719754    
667.961708    2.555713    
659.218989    2.745366    
650.835749    1.977020    
640.139130    3.308891    
634.118065    2.626921    
622.646043    3.171575    
617.141802    2.622026    
611.143288    1.772672    
599.275964    1.776316    
593.164671    1.978888    
583.154312    2.652963    
577.589147    2.448896    
570.802288    2.708941    
561.386431    1.680513    
555.510234    1.732443    
547.602620    1.666746    
542.281977    2.669623    
532.779637    2.205984    
527.711111    1.040774    
517.876389    0.936897    
514.072222    1.370444    
507.008403    1.736875    
500.644444    1.392927    
493.682517    2.911019    
488.676430    1.443946    
483.974006    1.757708    
478.401180    0.984301    
474.165498    0.668329    
469.904033    1.150907    
466.268056    1.113843    
464.131944    1.135577    
460.497214    1.309646    
457.788301    1.496431    
455.237500    0.803108    
453.998596    1.121169    
452.488858    1.226115    
450.677374    1.329969    
448.009736    1.383859    
446.268428    1.114572    
444.962500    0.718783    
444.444444    0.965932    
443.155556    0.815286    
443.526389    1.027063    
442.797222    1.086786    
442.372222    0.846762    
