6326.748571    196.814821    
6612.857143    234.433218    
6418.028571    219.591632    
6274.508571    225.806564    
6393.865714    203.028518    
6458.557143    234.210433    
6497.342857    256.049810    
6482.962857    224.633508    
6443.728571    340.169753    
6308.405714    314.820976    
6464.517143    221.603142    
6195.594286    217.402999    
6341.540000    234.608372    
6618.600000    207.856269    
6340.360000    275.421156    
6374.180000    204.827437    
6410.294286    219.063140    
6412.474286    202.151918    
6367.302857    251.576185    
6443.091429    270.160688    
6659.582857    383.863529    
6442.871429    208.638575    
6282.171429    215.398446    
6510.557143    251.349696    
6556.757143    273.053822    
6532.248571    154.009864    
6603.534286    298.566791    
6393.808571    279.576170    
6448.300000    203.429549    
6466.697143    375.659891    
6402.774286    275.876552    
6566.260000    282.946695    
6228.894286    184.126440    
6625.962857    214.195668    
6589.991429    288.180127    
6399.937143    186.745837    
6589.268571    242.058297    
6399.120000    249.388183    
6443.860000    249.935352    
6533.968571    278.924059    
6482.228571    230.924513    
6618.262857    253.101300    
6439.737143    194.588341    
6396.334286    237.282784    
6380.068571    221.485145    
6442.494286    208.850893    
6561.911429    281.080112    
6446.268571    176.674525    
6431.340000    174.660050    
6376.131429    253.157297    
6319.108571    214.500802    
6535.688571    249.581633    
6444.728571    198.440097    
6372.611429    176.763807    
6436.217143    213.422676    
6581.525714    345.397482    
6522.960000    237.589378    
6421.434286    228.336143    
6537.757143    260.292947    
6507.405714    206.068549    
6232.908571    304.394120    
6289.740000    184.583588    
6497.871429    265.220389    
6424.714286    263.508403    
6582.048571    304.007012    
6538.434286    200.798107    
6527.397143    304.066918    
6521.105714    231.417514    
6491.848571    242.495555    
6432.097143    247.048860    
6443.402857    248.011522    
6476.445714    270.245795    
6567.937143    278.438896    
6488.360000    254.056488    
6435.534286    180.416780    
6335.631429    319.837733    
6346.588571    263.669993    
6237.148571    227.696993    
6383.320000    192.779698    
6486.420000    230.374064    
6488.617143    268.687895    
6413.877143    155.836468    
6690.437143    178.240192    
6405.785714    217.772600    
6340.420000    267.783736    
6413.854286    186.269816    
6557.068571    196.330948    
6527.442857    295.776587    
6398.802857    204.721367    
6431.622857    278.190121    
6535.548571    252.237998    
6466.445714    190.288626    
6412.825714    210.605904    
6430.971429    168.435148    
6349.545714    192.650941    
6287.622857    197.665245    
6368.685714    266.027600    
6502.071429    240.534400    
6530.220000    214.907436    
6389.457143    209.269115    
6413.174286    258.548831    
6342.037143    296.246656    
6489.162857    245.774843    
6462.545714    222.840832    
6318.817143    150.240096    
6330.697143    211.880397    
6509.217143    186.844378    
6241.528571    220.607092    
6401.654286    320.631810    
6371.511429    312.453020    
6504.288571    222.243161    
6307.080000    269.226839    
6429.554286    224.440221    
6344.882857    274.930756    
6432.237143    400.399198    
6253.668571    236.663423    
6410.108571    297.254272    
6370.928571    265.941246    
6534.054286    260.695126    
6469.028571    184.487380    
6435.740000    315.633084    
6341.354286    248.398080    
6381.091429    215.471039    
6355.377143    198.122287    
6452.080000    249.517762    
6444.985714    202.770010    
6412.454286    289.206801    
6340.020000    213.549197    
6392.285714    229.111660    
6340.702857    186.950346    
6237.954286    221.252172    
6497.034286    252.676618    
6502.120000    189.126949    
6380.491429    284.233794    
6446.808571    197.492873    
6330.417143    240.947648    
6341.245714    200.245584    
6409.088571    216.896883    
6516.248571    170.268606    
6292.225714    282.535344    
6371.740000    348.867266    
6478.485714    151.695253    
6292.322857    152.387256    
6441.705714    261.404977    
6597.442857    221.675660    
6397.480000    213.551582    
6423.194286    257.641494    
6447.625714    247.658936    
6516.188571    257.807855    
6709.214286    274.802625    
6494.611429    231.404576    
6352.362857    261.937206    
6329.862857    238.816746    
6345.097143    151.692440    
6492.942857    230.189989    
6323.340000    193.806358    
6416.620000    237.346934    
6302.788571    206.446841    
6378.311429    297.156212    
6365.840000    198.165667    
6349.380000    209.572261    
6465.037143    208.133971    
6403.542857    214.762586    
6300.877143    213.991694    
6466.654286    204.923018    
6420.525714    179.584340    
6507.197143    236.392285    
6497.588571    262.060575    
6645.102857    278.906489    
6333.528571    210.034604    
6541.594286    371.187863    
6400.300000    169.049777    
6645.794286    329.752553    
6477.828571    235.661220    
6384.422857    243.215092    
6333.782857    219.374640    
6445.668571    276.265894    
6456.960000    213.422140    
6453.751429    279.531196    
6277.825714    297.160834    
6398.242857    173.870135    
6479.591429    248.396829    
6406.222857    252.899667    
6443.780000    188.945646    
6589.465714    232.743299    
6376.905714    280.618256    
6296.360000    212.533363    
6522.554286    253.567125    
6580.622857    251.083254    
6385.357143    218.159394    
6495.902857    157.400442    
6386.785714    199.724917    
6380.974286    193.674976    
6639.902857    223.320005    
6428.585714    201.786372    
6448.125714    273.836794    
6561.860000    223.628238    
6474.708571    254.224245    
6548.902857    216.837416    
6384.725714    202.374911    
6526.142857    300.367474    
6387.511429    260.153424    
6596.945714    231.468183    
6520.014286    193.253046    
6345.114286    229.869661    
6208.674286    203.304085    
6456.194286    223.594792    
6466.657143    253.264384    
6441.585714    179.888306    
6376.331429    255.523729    
6405.691429    229.143403    
6576.588571    193.949587    
6383.414286    223.132548    
6385.520000    203.992110    
6561.945714    229.934612    
6383.105714    243.947354    
6435.154286    251.302377    
6482.471429    200.420253    
6414.754286    259.991653    
6395.765714    303.092889    
6472.448571    228.042330    
6374.231429    213.585234    
6401.502857    227.651246    
6565.220000    234.793308    
6383.928571    270.636642    
6430.520000    255.734803    
6542.048571    221.132489    
6294.051429    205.488082    
6469.022857    231.768936    
6300.411429    213.403285    
6510.622857    263.372339    
6347.331429    201.024899    
6476.848571    283.918283    
6405.925714    218.288682    
6493.917143    244.318414    
6559.300000    237.406039    
6544.351429    245.007952    
6571.682857    260.321339    
6498.642857    219.614912    
6359.165714    206.438980    
6509.114286    251.692871    
6613.905714    264.654912    
6529.045714    253.053993    
6542.471429    223.379800    
6448.517143    196.519642    
6412.760000    202.827244    
6465.994286    208.921229    
6482.757143    214.065853    
6388.251429    215.626104    
6406.751429    297.550934    
6570.417143    294.686279    
6421.834286    286.487389    
6457.157143    184.268161    
6495.962857    205.905724    
6400.991429    266.624889    
6373.228571    213.764876    
6402.305714    242.892359    
6534.417143    223.564903    
6609.051429    278.505825    
6559.357143    285.280395    
6462.494286    236.614415    
6400.920000    237.226473    
6497.605714    243.399845    
6379.460000    291.420888    
6457.082857    286.356674    
6496.854286    258.251105    
6443.391429    232.342957    
6402.825714    262.984706    
6572.565714    214.556899    
6373.677143    255.971999    
6346.880000    239.172388    
6566.245714    254.052024    
6482.302857    295.940273    
6459.557143    264.909420    
6551.637143    248.310698    
6464.054286    182.841399    
6291.534286    141.663274    
6432.111429    211.742004    
6556.242857    347.788796    
6494.791429    267.374493    
6480.008571    228.550807    
6442.148571    252.678532    
6504.934286    283.208351    
6456.022857    285.841364    
6463.111429    338.801942    
6482.425714    327.847698    
6545.500000    325.873610    
6431.557143    208.328493    
6399.182857    200.056494    
6498.128571    370.114898    
6490.022857    249.142551    
6424.820000    298.591817    
6336.377143    208.686684    
6304.371429    265.790227    
6356.717143    211.789943    
6445.062857    309.515135    
6428.017143    186.162309    
6409.220000    204.670733    
6470.971429    322.875525    
6465.802857    258.816512    
6508.580000    220.182867    
6402.240000    230.058563    
6498.357143    383.924451    
6325.354286    260.875614    
6294.020000    298.920060    
6491.565714    276.175555    
6482.534286    192.221042    
6471.137143    200.240466    
6526.171429    259.770216    
6559.902857    212.871636    
6475.382857    273.666610    
6280.557143    238.253433    
6375.102857    161.040406    
6378.540000    236.443874    
6401.731429    332.314708    
6435.605714    230.702131    
6493.665714    248.847422    
6402.745714    239.826880    
6343.234286    169.644711    
6454.605714    331.605961    
6437.920000    244.096221    
6468.702857    325.124561    
6429.771429    168.898344    
6260.962857    220.240015    
6557.720000    199.792725    
6547.137143    206.013907    
6479.717143    236.912841    
6360.431429    327.444067    
6596.128571    312.626921    
6384.420000    293.649340    
6394.082857    190.910649    
6322.757143    205.554778    
6443.971429    232.942701    
6517.525714    332.537909    
6529.911429    289.942488    
6336.505714    218.896084    
6561.414286    407.494270    
6604.720000    297.559015    
6354.128571    155.096792    
6477.628571    213.408701    
6355.388571    249.741976    
6701.080000    366.426035    
6419.871429    243.464936    
6292.671429    260.560666    
6512.877143    212.502018    
6504.682857    338.116192    
6419.460000    274.857755    
6331.397143    236.974211    
6543.334286    256.503043    
6424.137143    222.154820    
6390.294286    244.047271    
6548.537143    209.961486    
6541.740000    260.173949    
6356.771429    237.260759    
6421.168571    219.703391    
6564.845714    281.359565    
6560.588571    227.076858    
6413.011429    209.207470    
6447.717143    214.608807    
6392.422857    305.591536    
6346.062857    187.586967    
6353.968571    224.390035    
6388.654286    198.831423    
6311.920000    237.415403    
6356.745714    228.951026    
6478.168571    247.027801    
6493.422857    283.045122    
6491.414286    366.857056    
6536.914286    327.008455    
6577.177143    274.740277    
6588.022857    234.089481    
6507.994286    279.829009    
6288.560000    286.771717    
6412.082857    200.912508    
6374.725714    221.022311    
6519.048571    206.529072    
6495.048571    275.538964    
6570.722857    227.380751    
6339.145714    283.613336    
6553.868571    289.866945    
6487.325714    239.404540    
6396.602857    300.536405    
6393.537143    307.408862    
6507.494286    229.564578    
6382.402857    262.270189    
6320.097143    215.873182    
6544.897143    302.211403    
6433.814286    256.492021    
6356.597143    207.785371    
6521.885714    242.311437    
6389.580000    257.183077    
6588.205714    167.396067    
6339.425714    175.589111    
6494.871429    299.721009    
6434.934286    201.723924    
6442.840000    250.010394    
6503.642857    248.390651    
6492.137143    252.214452    
6580.420000    255.032386    
6333.491429    224.074627    
6243.588571    225.526677    
6308.345714    263.780759    
6494.094286    243.513953    
6552.760000    219.476506    
6498.565714    272.167354    
6530.271429    237.981099    
6524.417143    178.343369    
6414.042857    198.586608    
6576.942857    210.307740    
6369.302857    245.550588    
6292.485714    291.108666    
6332.382857    199.548925    
6520.534286    224.060203    
6384.925714    230.512337    
6530.505714    263.818799    
6569.362857    219.721453    
6685.582857    313.155046    
6436.494286    262.776513    
6594.302857    226.478595    
6388.597143    287.248057    
6611.957143    244.769386    
6370.157143    279.986828    
6302.851429    262.536562    
6701.885714    148.991384    
6504.220000    337.652053    
6382.442857    200.544818    
6510.994286    177.445734    
6556.134286    265.847178    
6463.534286    268.548634    
6526.382857    293.951477    
6430.642857    198.185140    
6269.617143    276.320015    
6412.154286    266.463794    
6437.474286    265.092627    
6605.122857    283.824542    
6508.820000    242.172227    
6371.654286    204.787033    
6489.077143    214.807508    
6348.637143    214.518803    
6516.780000    232.627723    
6531.222857    239.563368    
6556.911429    207.951425    
6409.511429    196.397028    
6548.494286    245.682487    
6443.817143    188.713330    
6406.054286    340.626364    
6389.420000    193.708524    
6490.008571    164.005287    
6464.791429    255.156029    
6535.157143    235.864600    
6539.814286    216.891539    
6501.462857    242.777035    
6482.291429    239.688526    
6507.177143    243.654093    
6470.245714    215.193713    
6530.488571    169.336448    
6519.322857    249.452924    
6503.834286    303.695535    
6525.845714    270.632569    
6310.654286    217.983480    
6533.688571    304.431344    
6449.408571    227.695176    
6457.731429    271.447510    
6370.088571    207.698409    
6462.897143    278.521188    
6349.414286    244.380341    
6493.977143    251.728186    
6311.454286    254.849215    
6432.197143    207.975283    
6536.822857    360.711072    
6448.988571    290.123205    
6411.174286    207.293376    
6458.057143    281.027354    
6419.200000    217.195830    
6497.568571    240.906359    
6540.340000    273.235328    
6500.862857    328.642661    
6578.117143    217.256953    
6476.128571    226.670694    
6636.354286    324.075362    
6379.600000    247.376405    
6502.128571    212.473684    
6349.008571    230.500307    
6303.137143    192.601227    
6455.702857    260.075248    
6477.625714    210.483280    
6371.914286    198.762597    
6503.265714    294.063503    
6387.457143    265.566741    
6550.520000    279.151067    
6446.962857    249.583427    
6409.345714    312.176210    
6513.051429    250.610757    
6475.662857    199.131186    
6442.482857    186.589491    
6462.517143    301.939688    
6445.000000    180.523208    
6644.848571    327.510615    
6456.411429    217.976963    
6530.914286    206.567661    
6393.422857    229.644392    
6613.820000    276.277550    
6425.274286    205.465337    
6437.594286    236.135411    
6338.931429    241.613022    
6369.174286    240.227216    
6451.191429    205.639505    
6405.994286    235.639204    
6463.685714    256.377330    
6453.145714    176.223767    
6413.468571    281.746275    
6542.168571    270.584262    
6357.957143    233.161834    
6510.945714    314.869832    
6462.577143    301.535117    
6398.505714    257.229422    
6431.062857    254.415468    
6353.442857    261.740408    
6354.254286    269.482649    
6474.965714    294.455534    
6507.117143    259.637859    
6504.254286    220.926157    
6447.977143    228.402513    
6350.005714    248.316388    
6584.260000    250.529379    
6345.528571    266.337880    
6451.182857    311.621576    
6592.537143    360.062467    
6389.482857    264.263664    
6450.845714    242.054195    
6451.380000    274.038425    
6555.400000    165.313659    
6441.168571    235.059829    
6679.580000    266.219465    
6412.474286    272.480087    
6480.908571    252.071583    
6443.125714    285.094473    
6415.708571    228.655201    
6376.628571    213.882596    
6434.062857    246.138919    
6518.411429    227.583459    
6285.728571    190.302370    
6241.022857    252.335818    
6397.951429    206.346561    
6274.494286    267.446462    
6368.711429    214.065103    
6413.451429    205.226890    
6508.657143    192.575246    
6410.085714    245.537145    
6464.937143    264.312167    
6541.740000    285.116945    
6449.711429    222.217846    
6459.480000    206.840030    
6360.668571    253.922719    
6424.414286    181.152745    
6224.500000    232.174020    
6543.022857    194.819593    
6601.094286    259.150579    
6389.991429    291.786796    
6458.982857    220.863810    
6293.640000    189.569804    
6372.008571    278.177636    
6327.788571    215.010647    
6343.611429    262.729025    
6421.480000    266.835462    
6374.768571    177.334907    
6379.340000    211.691801    
6534.502857    278.162827    
6331.951429    196.765997    
6367.968571    223.855774    
6374.197143    242.516046    
6442.880000    259.876514    
6374.845714    215.709273    
6417.777143    176.886248    
6450.371429    295.113304    
6300.440000    209.071022    
6391.222857    191.165109    
6455.574286    224.098216    
6317.871429    223.076254    
6431.708571    225.465831    
6690.142857    221.676836    
6371.005714    239.993809    
6696.411429    305.235875    
6358.520000    316.055978    
6260.657143    201.392445    
6607.497143    245.744696    
6506.962857    276.666630    
6359.682857    285.790112    
6297.057143    190.593755    
6363.231429    207.926747    
6471.331429    329.663983    
6529.800000    256.818146    
6557.711429    308.622117    
6487.205714    216.226503    
6449.411429    299.520535    
6564.582857    296.866960    
6561.651429    302.187555    
6435.111429    236.646310    
6453.742857    220.871591    
6360.665714    227.761127    
6365.828571    215.992498    
6502.525714    284.742687    
6454.240000    223.882749    
6529.405714    183.875582    
6476.954286    271.942879    
6437.374286    212.376687    
6346.680000    288.042230    
6496.977143    185.211306    
6359.960000    175.458236    
6419.000000    213.911010    
6284.711429    211.813111    
6454.768571    317.549646    
6380.245714    214.295329    
6318.894286    183.227128    
6469.994286    246.851789    
6459.520000    297.063905    
6422.065714    281.287913    
6396.425714    305.861890    
6229.931429    227.317791    
6445.145714    192.226084    
6427.782857    204.184633    
6394.691429    218.062119    
6352.022857    243.856467    
