8903.100406    733.754634    
9387.530426    625.004645    
9371.633774    507.521625    
9468.676471    615.251476    
9208.986721    579.452710    
9347.560852    649.342377    
9110.836401    597.672927    
9306.813387    478.361334    
9029.060417    1010.074568    
9173.676471    535.855425    
9178.303245    695.202287    
8857.045639    706.709158    
9104.321501    796.304667    
9018.461460    509.923531    
8815.856998    717.514828    
9105.565923    673.868143    
9103.964503    411.250359    
9247.644016    683.464504    
9209.241379    522.141695    
9072.845842    867.621095    
8936.629817    627.920004    
8992.118661    386.582403    
9235.663276    755.591607    
8736.956389    748.885314    
9336.247465    569.207929    
8868.780933    956.439052    
9447.057809    522.288714    
9326.513733    632.886608    
9255.023327    663.333742    
8895.099593    644.928133    
8864.614604    864.550094    
9381.887424    688.725000    
9741.058582    601.850094    
9013.389452    626.138195    
9172.950304    659.401682    
9401.434077    734.142560    
9018.152130    684.455242    
9186.087755    853.276107    
8877.030832    767.998187    
9176.681542    674.752084    
9564.059838    681.634511    
9014.988844    632.706244    
8908.034553    590.588743    
9345.440162    480.116909    
9181.902637    519.763964    
9083.794924    602.807082    
8998.650972    792.237969    
9506.718053    752.343348    
9102.257114    753.284842    
9000.819473    803.216489    
9157.758621    684.848440    
8936.747208    751.940271    
9058.692698    759.280174    
8907.908722    566.592022    
9280.798174    670.768430    
9131.720081    547.076223    
9270.835946    655.962331    
9098.613590    613.036116    
9534.738337    682.296530    
9224.132860    800.487900    
9108.731237    560.069559    
8890.004057    602.248005    
8857.011156    736.204887    
9355.610548    592.547574    
9309.037755    512.529286    
9323.903651    542.061035    
9148.829394    900.437952    
9227.526369    577.181490    
9234.500508    856.590657    
9070.029442    714.283549    
9264.529592    575.092282    
9099.858012    517.708890    
9071.197154    713.414770    
9242.423780    656.176045    
9021.918864    646.555331    
9208.550710    651.747409    
9221.707165    648.119098    
8846.394523    751.963161    
9616.585193    458.385908    
9149.272819    853.825853    
8631.526369    630.337564    
9401.430903    769.225361    
8967.072008    697.746231    
8660.018311    732.996745    
9123.185598    479.056333    
9365.711019    796.636810    
9232.729560    754.983101    
9111.883249    687.468953    
8771.430457    703.156301    
8907.397149    641.435336    
9200.251521    558.879729    
9163.101420    573.267320    
8913.205882    674.607611    
9110.620690    535.555089    
9100.973631    622.853921    
8985.692698    607.298676    
8849.273834    637.476918    
8632.252535    846.666444    
8627.326572    738.027889    
9251.910751    561.186643    
9037.623732    581.889821    
9458.573754    714.129931    
8789.929303    765.014857    
9210.576065    594.112018    
9049.638945    412.094821    
8959.408767    921.185879    
9346.489858    583.288285    
9202.985801    561.377916    
9117.725152    548.849799    
8974.532454    668.798550    
9096.452333    777.719318    
9235.368635    635.335991    
9293.809331    502.704394    
9003.115619    641.976258    
9276.473631    730.821718    
9165.686613    518.469017    
9507.559838    606.062304    
8804.080943    778.056679    
9205.844422    736.437940    
9276.734280    633.552054    
9276.671400    696.104064    
9015.116633    701.192046    
9437.281947    469.253111    
9078.261663    641.421901    
9095.915565    712.387218    
9141.119675    608.632341    
9193.840415    637.337135    
9098.245047    877.016950    
8653.329615    852.513624    
8963.389452    859.134413    
9042.516227    649.528011    
9297.405295    712.546451    
9019.295688    650.398312    
9134.691684    471.804497    
9271.757606    772.428645    
9161.237323    535.941815    
9049.120690    948.607205    
9010.691131    830.434909    
8959.744422    849.042519    
9128.756592    616.723203    
9259.105691    684.834223    
9110.468560    742.058045    
9379.429735    792.569842    
9276.091278    565.481742    
9364.805274    567.379122    
9273.429006    499.227531    
9119.165314    469.069536    
8973.146045    414.864201    
9345.279919    525.705629    
8905.106491    538.340233    
9249.114604    624.167345    
9055.278004    750.292559    
9516.221095    600.995201    
8954.188641    643.329233    
9262.228195    520.298395    
9305.225152    574.525125    
9343.540568    593.465493    
8826.942191    497.041927    
9058.980730    480.433734    
9265.647059    632.940780    
9250.358012    440.017403    
9388.108519    569.580586    
9127.532653    616.382170    
9003.145030    643.356194    
9045.723124    520.445500    
9004.981744    539.151816    
9042.667343    820.096628    
9269.944842    597.253552    
9314.176829    561.274172    
8840.223577    767.273710    
9279.990712    624.850867    
8890.047276    737.507108    
9230.189796    667.749706    
9272.639796    715.011701    
9336.015213    478.166485    
9433.006135    665.159874    
9152.588235    535.035709    
9182.316770    692.001319    
8990.335025    718.499615    
9236.438134    410.388653    
9077.805274    690.473069    
9138.240365    673.872116    
8975.826572    503.441718    
9062.639959    729.782292    
9329.751521    503.088105    
9140.096447    487.067412    
8870.640974    540.373906    
9483.095528    579.142828    
9018.717039    611.880432    
9174.956389    470.477765    
9508.672414    496.617865    
8893.836714    709.314571    
9159.608519    738.253606    
9157.978702    632.931504    
9220.224138    594.466880    
9301.535642    615.581831    
9167.505629    667.514835    
9208.871926    571.268994    
9057.594320    859.754148    
9297.283976    677.496497    
8831.482759    787.672007    
9013.953299    656.281962    
8901.033469    725.404524    
8793.254564    548.393130    
9227.902792    846.617124    
9210.434827    643.670732    
9023.741379    512.982370    
9042.089506    633.949696    
9188.097859    766.661931    
9477.545639    744.926738    
9116.306288    727.987103    
8919.623732    719.863623    
9097.164286    571.382354    
8660.317073    756.310697    
9083.975659    518.919856    
8939.820487    735.793417    
9446.558974    662.769162    
8832.563467    821.914774    
8692.952236    776.986131    
9385.936735    779.932774    
9158.217039    728.305112    
8736.795710    885.580813    
8805.002035    770.000111    
8958.828600    622.399974    
8940.061866    626.532907    
8811.025355    551.634066    
9037.730223    603.224167    
9147.623732    538.281767    
9303.526369    622.940824    
9232.952333    565.321565    
8892.335700    539.029746    
9393.621704    668.331467    
9155.703779    668.296773    
9518.551724    481.907434    
9275.274848    511.410023    
9383.293319    657.605124    
8878.569980    593.627353    
9080.944219    656.671090    
9244.458418    725.455950    
9082.886410    682.224582    
9319.026477    655.243100    
9191.663286    690.889370    
9372.110423    714.254159    
8979.411765    530.593792    
9238.178499    458.182803    
9186.105477    608.146897    
9582.425945    593.223775    
9054.425963    663.965934    
9175.378296    459.667613    
9401.046653    565.550852    
8548.515213    753.666110    
9083.325558    615.013088    
9217.371197    681.805594    
8928.644016    816.111532    
8864.746450    757.980013    
9022.260915    770.373181    
9267.774848    744.748288    
9103.497959    594.061957    
8903.768763    693.700951    
9140.397149    588.483152    
9015.708119    712.441979    
9180.320487    567.421958    
8947.310345    568.625847    
8970.164118    785.034472    
8927.238337    593.471648    
9058.096349    552.128961    
9236.124746    553.759377    
9201.605477    392.704444    
9454.941117    529.444993    
9160.078093    559.920366    
9136.132114    468.246097    
9137.493388    656.203619    
9320.075789    907.582509    
9109.061866    545.102067    
9397.865591    684.159874    
9362.636269    739.086851    
9188.296146    723.195918    
9078.314402    567.793116    
9385.380086    871.256760    
9294.850716    680.486648    
9226.483773    621.808680    
8927.765720    645.987417    
9026.257606    639.547237    
8982.998981    700.308618    
9011.935091    734.580715    
9080.119675    581.973498    
9345.854970    702.475008    
9364.193712    674.043147    
9282.513185    534.629280    
9179.232252    730.284604    
9094.995943    616.525564    
9002.655172    652.934472    
9312.191795    655.475783    
9138.594427    834.031194    
8975.659207    615.555937    
8810.873225    677.643795    
9213.366497    527.340610    
9157.884381    572.016375    
8921.416836    572.611494    
9122.776876    494.773764    
9462.987817    455.359110    
9108.239351    593.498752    
9159.485772    806.265291    
9177.150254    548.344445    
9275.108519    584.593194    
9174.344512    751.795105    
9241.555781    561.550696    
9324.565923    631.818792    
8958.917850    519.312260    
9106.113590    584.734888    
8888.325558    837.025372    
9155.261663    724.010736    
9228.925963    559.767479    
9040.116633    497.185202    
9352.307292    780.931431    
8861.162272    701.018662    
9216.665990    625.373358    
9255.246875    686.846519    
8753.212982    797.543757    
9344.495943    794.716472    
9185.023327    563.093744    
9252.894523    711.436098    
9263.374486    662.409709    
9420.504057    451.655901    
8959.140974    466.935664    
9152.024341    783.208743    
9075.396552    717.877099    
9307.028896    679.593199    
9285.105477    325.936163    
9132.086207    668.009925    
9294.187308    657.646616    
9012.652130    573.964145    
8918.402637    702.204241    
8805.397959    684.456578    
9279.977688    474.902714    
9653.854359    598.157082    
8831.546653    753.605968    
8888.299189    867.428720    
9359.763692    526.945706    
9207.810398    574.471240    
9285.614604    736.412845    
9080.899288    680.260824    
9043.676471    626.311458    
8982.963489    587.971940    
9226.656122    719.036499    
9366.903907    908.379223    
9242.130832    532.581623    
9588.411765    536.376235    
9129.607362    663.940184    
8882.548682    538.777099    
9208.598778    634.160643    
8929.654158    603.262187    
9202.863083    590.320155    
9046.427992    691.387415    
9379.256909    684.695857    
9229.302231    598.017612    
9010.661585    702.456542    
9149.460446    665.432155    
9013.975659    503.933309    
9203.826572    536.475469    
9297.874239    578.507554    
9267.837233    545.392962    
9175.575051    553.795258    
9117.252792    640.268540    
9288.933063    489.723217    
9786.026767    598.267615    
8970.428864    741.641084    
9094.308316    695.988695    
9273.518330    509.341521    
8920.115619    735.692629    
9171.439203    928.038324    
9407.996954    567.510529    
9237.617647    664.544504    
9057.565884    702.104185    
9236.817533    566.249361    
9152.478484    997.810868    
9321.985801    693.940325    
8956.502028    624.985704    
9306.377823    725.390678    
9282.962360    593.808058    
9135.025355    532.389268    
9150.724138    609.077243    
9286.653415    522.730784    
9068.897566    623.842656    
8984.584826    686.398592    
8945.096349    645.296909    
9388.848884    615.427974    
9427.546653    745.235419    
9259.343813    499.206553    
9334.344828    534.856050    
9146.022312    460.241340    
8986.684584    792.274791    
9129.343813    570.625516    
8941.197769    682.740276    
9326.986815    822.777038    
9177.359391    566.635600    
8973.881339    558.890689    
8910.468560    533.078184    
8930.672414    796.207892    
9217.078093    603.842669    
9475.774848    495.821827    
9124.734440    585.821960    
9509.222110    503.506113    
8945.850913    737.009219    
9595.618557    650.203934    
9282.696755    496.384872    
9139.233266    826.147744    
9118.151116    504.495465    
9220.360041    603.258133    
8933.292089    467.280462    
9284.183861    538.298269    
9102.933063    732.154431    
9021.616016    769.064847    
9544.607107    549.851037    
9283.592480    716.481705    
9015.939148    555.010617    
9271.236308    567.380408    
8737.393509    715.426556    
9346.890593    576.882484    
9012.119675    658.685907    
9242.955375    659.769013    
9282.834012    640.196846    
9136.483773    726.421941    
9300.150206    658.440984    
9213.556795    626.222921    
9022.276876    608.336160    
9290.187947    544.423823    
9235.966531    458.932461    
8962.883367    717.507685    
8898.495935    860.022841    
9352.004057    581.969007    
9293.771516    463.138821    
9091.509128    527.945021    
9220.226166    537.768050    
9038.555894    672.039383    
8780.853955    664.100251    
9080.921907    583.685461    
8823.815416    719.413872    
9375.060852    674.733705    
8795.488844    684.500769    
9108.863777    604.237269    
9170.553753    649.942450    
8887.865112    621.033749    
9275.686613    785.867088    
9353.683570    620.945560    
9066.519270    928.662585    
9085.983773    713.365636    
9374.826043    513.927582    
9186.370672    648.226516    
9336.390863    585.734921    
9140.849746    581.268022    
8851.354970    767.564303    
9495.759635    487.719437    
9097.331643    469.919609    
9176.434827    755.336613    
9219.722110    678.964795    
9196.862385    720.395861    
9036.467546    622.796295    
9221.236196    706.879385    
9011.236308    656.968764    
9061.849899    669.426984    
8979.475897    696.551446    
9184.505071    657.840983    
8553.731237    776.723382    
9148.102434    703.537873    
9166.741379    509.392189    
9353.489837    614.914584    
8966.616633    560.983971    
9391.208802    537.695073    
8791.779289    939.226026    
9276.624619    691.216471    
9268.333333    541.153718    
9462.402637    431.951214    
9271.361055    668.368954    
9104.346856    549.232265    
9044.213996    537.689692    
9057.088235    595.643436    
9309.368870    710.315729    
9566.048907    670.341245    
8970.617647    512.239817    
9388.969512    692.015761    
9039.952821    861.505029    
9200.135903    672.601467    
9195.518256    692.389630    
8740.795132    796.285888    
9403.044625    627.810722    
9252.444557    703.189953    
9233.401623    321.346819    
9031.510142    649.653703    
9140.977688    637.481481    
9096.684584    662.863587    
9366.593047    757.024646    
9042.294726    806.367717    
9483.025458    582.953140    
8909.442191    691.824984    
8980.045732    686.590703    
8949.991862    800.695316    
9261.727181    625.212525    
9076.426396    672.386263    
9179.543005    659.759555    
9051.117647    660.019196    
9263.778122    568.745059    
8880.831643    555.655702    
9074.757606    638.124824    
9202.105584    778.669163    
9024.217842    661.981384    
9250.954361    555.283111    
8927.554425    770.706335    
9363.661224    673.791245    
9145.072008    768.217701    
8948.562245    812.733902    
8854.889228    648.831847    
9106.868154    699.081863    
9105.351626    541.490949    
9119.309331    664.486393    
8928.921907    565.423610    
9455.447262    503.774419    
9116.893878    608.475084    
8956.486815    548.161142    
8711.425381    608.520071    
9204.071356    769.829487    
8939.174442    688.086346    
9160.521916    641.689504    
9325.378571    583.768100    
9224.267748    682.726981    
9184.246450    615.399339    
8958.418864    582.245093    
9103.139959    437.553143    
8958.176471    660.634036    
9283.825558    521.097800    
9191.078893    669.099858    
8903.746450    684.678353    
9165.315416    759.279245    
9356.114604    533.567442    
9182.463489    622.487240    
9070.191684    422.942730    
9052.109533    700.242507    
9382.156663    646.521386    
9388.858775    671.328038    
9214.874239    675.470286    
9049.995943    603.681350    
8970.360041    754.097726    
9600.212215    645.923519    
9232.831622    582.002186    
8785.309331    709.027731    
9037.837067    749.656966    
8756.482759    844.507814    
8684.682556    692.817805    
9114.117647    594.769267    
9035.169888    674.641590    
9407.014300    753.266972    
9153.209939    517.386969    
9254.930020    754.059498    
9109.419125    811.515812    
9457.286757    615.949665    
9182.678499    692.439194    
9181.037525    749.170573    
9322.977482    560.004191    
8999.064417    743.138360    
9364.655137    591.527636    
8919.587576    634.845963    
9155.296146    645.991231    
8984.758410    717.602031    
9304.434077    665.715419    
9045.531154    675.794843    
9121.841785    688.308219    
9190.403651    592.188348    
9095.960285    752.110831    
9498.658215    599.972398    
9149.450515    637.234504    
9201.336714    679.847888    
9493.003043    576.353879    
8836.044625    720.690572    
9032.628571    693.711980    
9093.190041    611.450255    
9390.180143    725.500694    
9305.157407    613.590905    
8843.047667    584.195229    
8885.985700    896.543078    
9358.932049    755.849091    
8976.775862    596.446691    
9216.116633    692.759280    
8877.512170    569.022831    
9194.033469    568.928508    
9157.402637    777.824920    
9018.543611    696.504917    
8930.634888    634.940165    
9056.810345    634.448584    
9098.933063    747.315543    
9205.803662    597.841551    
9193.219067    550.254082    
9013.223124    594.611013    
8950.950304    671.400523    
9392.924897    761.464319    
9193.903651    628.372832    
9268.579858    689.286552    
9241.274848    683.741003    
8796.351984    819.054843    
8823.525355    675.999491    
9199.598377    589.128268    
8920.457404    628.843683    
9155.910751    554.532705    
9053.975659    642.189766    
9059.390369    738.303307    
9194.609980    651.430923    
9189.542596    635.220221    
9314.102804    689.413115    
8873.005071    800.843697    
9046.937307    575.785361    
9401.675127    488.482262    
8672.670061    764.496861    
9068.858012    597.640099    
9248.717039    617.466349    
9076.992901    641.263801    
8722.722110    791.840081    
9127.588235    565.268115    
9098.869168    809.706280    
8868.104462    619.979960    
9165.841463    806.590979    
9223.800407    558.328752    
9263.828921    668.271608    
9281.588235    600.799755    
9075.555781    921.888968    
9060.494929    604.774769    
8873.978702    622.727310    
8788.635903    696.581941    
9221.413793    711.832996    
9584.990722    537.168250    
9108.482724    747.195988    
9188.211399    649.319938    
9194.106491    482.353626    
9252.243408    553.213039    
8745.789581    947.360956    
9211.080283    1057.049451    
9132.329949    691.997497    
8768.735984    773.748662    
8980.585193    607.422251    
9382.865112    794.200948    
9081.658537    746.309249    
9240.177485    559.206586    
9265.869168    542.772297    
9149.472617    510.025565    
9249.049696    527.622822    
9208.250507    655.199196    
9163.310950    831.126193    
9067.865112    687.263065    
9335.797160    627.616622    
8974.812183    642.585850    
9353.201826    479.907670    
9042.250507    565.491899    
9117.599391    558.546000    
9222.815763    638.383866    
9114.624740    776.838522    
8991.955375    623.853460    
9008.219067    726.308105    
9190.809331    535.351940    
8841.599391    670.014363    
9281.642492    573.810782    
9354.156823    580.333939    
9543.466951    568.523803    
9089.039554    573.745991    
9350.032686    618.988082    
9512.986815    430.747417    
9235.243408    693.029272    
9021.750507    636.312938    
9239.854639    593.883069    
9263.206333    774.355743    
8943.299189    641.859230    
9062.775862    588.170403    
9098.271605    706.789046    
9194.118661    471.386545    
8883.003052    696.035835    
9072.640974    622.605049    
9146.995943    404.273209    
9158.440162    536.932869    
9270.595117    618.653670    
9035.885279    840.489962    
9173.505584    606.091312    
9279.594320    520.201075    
9500.625761    622.504631    
9127.756592    559.814996    
9129.123984    854.957960    
9219.317396    572.342312    
9299.150101    536.564320    
8886.346856    646.606964    
9315.966395    751.937296    
8946.572008    518.065260    
9092.083164    669.394952    
9017.619675    598.541363    
8923.897855    688.926240    
9386.718053    408.901174    
9351.643002    555.244136    
9135.726166    405.211422    
8977.354675    634.571140    
9177.350913    475.765522    
9077.127179    658.769498    
8873.344828    676.936737    
8559.302231    669.698655    
9023.103448    778.517997    
9107.669371    639.354346    
9278.643002    794.274124    
9251.933063    636.708780    
9494.124746    786.784963    
8876.969481    803.325169    
9736.310345    401.893648    
9071.661570    784.803904    
9093.858883    644.432606    
8750.550000    794.235888    
8980.630832    725.461172    
9164.540102    730.388158    
9166.147059    674.789613    
9024.169371    677.966621    
8817.118661    525.131950    
9074.418795    664.448464    
9078.819572    650.790763    
8717.680527    756.632562    
9304.836714    423.679656    
9233.181542    551.297631    
9505.130346    729.073777    
9075.471264    755.698201    
8827.272819    791.167349    
8787.288032    767.053211    
8963.235477    759.573799    
9142.713996    702.418720    
9042.896552    755.399111    
8911.936105    727.423839    
8996.783976    572.531031    
9083.490236    798.483793    
9332.718053    590.772348    
9304.215306    546.875749    
9439.276074    587.966874    
9041.498465    708.857521    
9196.942191    445.206475    
9184.047667    641.285405    
9238.407708    520.715425    
9109.256592    536.650866    
8879.043611    717.522214    
9260.834702    669.338047    
9232.225152    556.534877    
8805.372211    771.486201    
9334.971602    635.458485    
9025.204061    601.954264    
9177.279919    693.446140    
9195.235714    686.118640    
9015.322515    640.479585    
9190.041582    650.208516    
9198.387424    479.602758    
9410.657868    639.849037    
9083.989858    624.820409    
9110.069980    607.893493    
8972.523327    621.258888    
9331.083164    610.622764    
9167.579695    725.270291    
9030.902962    925.079867    
8921.731237    655.356285    
9378.256646    766.906668    
9334.902637    592.757730    
8861.177485    778.049999    
8986.500000    650.844063    
9137.651282    628.939887    
9497.323529    502.040453    
9273.273191    591.549696    
9451.213632    648.829361    
8689.564909    746.138595    
9012.973361    641.357632    
9257.160164    775.335355    
8752.838250    580.633247    
8843.524590    822.183034    
8669.768763    676.585624    
9217.574037    659.109121    
9121.377282    843.340091    
9237.385396    709.152670    
9112.642636    781.713694    
9270.726994    665.235048    
9295.195122    958.576655    
9233.262677    694.261060    
9081.305274    546.237014    
9421.037879    732.146552    
9167.333333    739.285100    
9197.211066    626.643693    
9221.610204    626.012308    
9099.376268    640.153255    
8991.553753    645.309212    
9154.391878    830.025618    
9304.637931    820.575709    
9109.037525    494.560726    
9165.972617    515.587080    
9007.965517    884.788680    
9530.635903    551.815881    
9278.057927    595.341232    
9291.542056    593.821677    
9419.799189    576.621445    
9035.252535    801.784995    
9064.139959    518.558916    
9195.610548    579.162712    
8933.791075    698.559922    
9531.074227    612.699853    
9045.135903    620.110860    
9216.871197    620.150233    
9085.334686    613.697406    
9284.190669    706.148906    
8696.378296    625.757033    
9145.546653    546.674244    
9049.208925    728.600393    
9588.099391    595.858935    
9000.315416    650.400204    
9050.882114    716.547897    
9189.776876    571.630115    
9103.934077    624.247382    
9369.956256    460.162043    
9239.876142    620.209977    
9251.280933    519.688481    
8927.263692    802.113415    
9231.598985    573.153472    
9354.647600    624.643306    
9111.584350    852.433713    
9143.548682    730.847220    
8811.091463    724.060316    
9287.413618    524.138628    
8812.209939    605.070515    
9307.276749    626.273225    
9394.174442    542.227249    
9293.514374    603.634364    
9208.800203    626.926090    
9408.728934    559.829010    
9163.864562    774.989629    
9165.297160    778.816326    
9128.222110    650.398290    
9039.906694    464.761501    
8932.315416    673.260312    
9201.073394    571.570265    
9020.463489    728.697637    
9342.819203    808.199218    
9399.269547    660.411684    
9349.025355    549.979786    
9104.909836    769.481159    
9060.973631    621.912537    
9679.995923    445.097273    
8879.930020    649.419207    
9423.792261    500.050679    
9404.582150    818.241258    
9125.870804    624.708387    
9236.899390    588.416448    
8962.135903    672.083702    
9035.002062    679.613034    
9236.852941    550.435118    
8754.887424    794.453127    
8880.553388    750.398656    
8893.575230    760.046713    
9231.838776    626.029707    
9180.439224    672.327206    
8982.802231    700.632446    
9043.751521    774.433999    
9109.984127    597.424381    
9178.729209    434.116445    
9370.016227    638.451084    
8987.840122    605.297612    
9108.736308    901.063711    
9150.418864    655.660735    
8990.272358    752.588865    
9142.334012    773.812181    
9583.966531    535.952849    
9093.788032    494.395856    
8934.971516    582.746992    
9255.626775    500.103383    
9238.505071    721.702402    
9413.374619    512.167930    
9249.690647    714.473506    
9455.668718    509.519116    
8948.897566    626.469235    
9179.736308    564.647049    
9173.109533    539.779799    
9198.862805    650.974723    
9076.220081    603.770797    
9298.724138    721.564254    
9373.199797    450.125961    
8918.608519    553.481050    
9294.803077    585.497369    
9189.934077    598.203150    
9394.560852    587.043116    
9113.744422    555.035696    
9170.463489    624.040243    
9079.671400    641.837932    
9169.560738    647.061416    
8866.545639    640.786406    
9218.659229    806.468417    
9049.435091    764.641464    
9211.677485    787.176860    
9441.187627    547.919262    
9029.135992    841.085801    
9298.119675    564.286985    
9133.769777    524.473346    
8867.343813    832.285027    
8981.564909    636.591767    
9272.606645    722.007417    
9295.904665    581.764105    
9635.745436    605.487657    
8946.913793    713.471212    
9020.404665    927.720167    
8999.953347    603.062909    
9216.198985    540.008352    
9179.429006    590.647348    
9408.867140    518.145591    
9231.084178    597.993150    
9169.368154    570.323211    
9063.517347    817.506242    
9100.322515    472.172120    
9405.790072    676.883292    
9038.521784    750.462851    
9028.818458    658.695375    
8988.126775    686.004602    
9165.541117    872.007381    
9019.486815    752.904907    
9040.021298    558.490203    
8989.481744    685.293406    
9242.996957    802.460756    
9120.624746    555.189944    
9305.162910    762.802119    
9135.980730    545.948075    
8892.041494    950.394276    
9128.198783    547.488464    
9326.079268    725.467112    
9331.037525    447.472222    
9103.591278    525.823130    
9251.516854    581.850530    
8918.785124    677.949006    
9126.477688    598.601189    
9228.391481    513.994221    
9077.797753    669.093026    
9193.387195    602.402119    
9068.537525    672.748714    
9184.287474    647.542746    
8822.907708    715.173605    
8733.104569    772.569808    
8975.996942    667.207113    
9196.235533    710.900922    
8970.084178    607.155398    
9292.841785    491.714463    
9483.276190    629.250209    
9279.173428    539.920788    
8995.884381    767.946172    
9049.839268    623.415471    
9210.928862    814.665256    
9117.228195    617.967569    
9254.763692    563.390752    
9054.490872    441.636743    
8948.016227    687.995159    
9159.296146    351.350705    
8915.271805    759.210989    
9366.445233    544.550617    
