nan    nan    
559.250000    1.479020    
nan    nan    
nan    nan    
nan    nan    
nan    nan    
nan    nan    
nan    nan    
6703.000000    0.000000    
nan    nan    
nan    nan    
nan    nan    
nan    nan    
nan    nan    
575.714286    2.228449    
829.800000    277.579538    
nan    nan    
nan    nan    
nan    nan    
nan    nan    
nan    nan    
nan    nan    
nan    nan    
nan    nan    
nan    nan    
nan    nan    
nan    nan    
nan    nan    
9899.333333    269.226464    
597.158730    2.885136    
nan    nan    
nan    nan    
1414.166667    2665.124320    
621.769231    0.421325    
1154.277228    13.372144    
1087.536585    5.508741    
618.611111    0.487498    
8134.000000    0.000000    
1213.908046    17.610493    
nan    nan    
nan    nan    
628.176471    2.078894    
nan    nan    
nan    nan    
nan    nan    
nan    nan    
638.553846    1.839990    
640.000000    0.000000    
nan    nan    
647.333333    0.471405    
659.222222    0.415740    
nan    nan    
nan    nan    
nan    nan    
10547.833333    68.945429    
nan    nan    
nan    nan    
1230.941176    14.889675    
nan    nan    
nan    nan    
9337.666667    66.939442    
1228.058824    42.704829    
10179.803030    619.603275    
4302.687500    3909.043142    
1709.373134    32.061432    
nan    nan    
nan    nan    
8555.461538    878.302613    
3095.270833    3229.688080    
3640.306122    3506.333839    
7041.025000    4301.642323    
10084.666667    639.269027    
nan    nan    
nan    nan    
744.925000    0.345507    
nan    nan    
nan    nan    
nan    nan    
768.046729    2.500031    
768.894737    1.353154    
762.885350    2.617842    
764.137615    0.850989    
765.380952    1.838120    
nan    nan    
772.348485    2.721922    
774.965909    3.122313    
nan    nan    
nan    nan    
nan    nan    
788.878049    1.727752    
nan    nan    
793.200000    2.704728    
nan    nan    
nan    nan    
8266.337349    265.983072    
822.666667    1.699673    
7266.153846    454.247196    
1374.266667    19.118810    
nan    nan    
2115.461538    8.564824    
10614.514286    295.842948    
nan    nan    
9279.500000    116.235752    
9670.740741    441.170715    
2236.244444    1922.920073    
nan    nan    
1587.563910    789.324870    
6889.333333    254.094908    
6703.000000    0.000000    
1571.752577    37.802534    
nan    nan    
900.200000    0.400000    
9773.523179    303.394326    
1574.992647    500.056960    
6808.500000    1372.352623    
6676.481013    1502.398882    
1626.751825    697.992970    
7602.320000    243.269023    
8976.523490    876.454048    
9767.060000    507.621726    
2521.989011    1690.844691    
1577.285714    62.590995    
1681.400000    12.261321    
2535.266667    762.289115    
1946.906977    1137.430618    
5208.076923    3230.606360    
7247.012195    658.211777    
7220.121622    1633.640791    
5381.512821    2345.794599    
3529.503226    2588.297125    
2313.615385    1400.943958    
9544.100000    658.775699    
7834.567273    1745.699315    
6113.416667    3337.495205    
9408.533333    1116.481654    
9238.431438    983.032849    
8087.936508    1024.737463    
6587.704000    2883.200616    
8239.152610    789.300392    
9426.315385    574.955464    
9240.220077    773.678104    
7152.673611    487.998318    
4583.292929    3043.317359    
8523.202186    982.460031    
6885.908046    3109.637036    
9416.307692    2189.810402    
9421.000000    595.829554    
5944.166667    4282.708622    
3371.220339    3613.186734    
8917.040000    878.961682    
9035.642857    725.984318    
9006.176471    1115.214737    
10232.794872    496.934122    
9947.182741    577.659084    
4583.101695    2867.369205    
2780.457627    3523.075627    
8377.566667    735.314612    
10050.187919    634.530132    
8602.079365    1275.721462    
10057.347826    679.973696    
10236.982036    492.753871    
9516.210256    785.653654    
9734.060976    740.414804    
9988.610526    586.106786    
9795.929032    819.625501    
10200.954198    567.401414    
9683.715517    695.290721    
9971.128205    619.716113    
8649.331210    717.945107    
8908.260870    787.590743    
9690.585859    592.467278    
8500.933333    922.857047    
8952.528090    1027.827113    
9270.142857    589.578395    
8334.034783    989.088943    
10006.625000    621.761698    
10082.118750    548.298361    
9357.607930    915.143710    
7956.532258    1853.010634    
7192.551020    1752.263190    
9542.532338    754.319449    
9719.535294    591.140922    
9405.183544    1238.003072    
8533.161765    1522.151086    
9380.668966    615.671857    
10248.672619    450.139654    
10454.250000    442.980460    
7722.000000    0.000000    
8683.443038    867.987615    
9903.753333    684.391690    
9468.039604    763.611111    
8853.366412    1099.678442    
8974.201493    891.105558    
7699.503497    2776.283751    
7931.619718    1605.869843    
9672.179104    481.542420    
8375.700000    264.086368    
6026.711974    1954.642598    
6183.979798    1523.505361    
5430.457265    1525.789808    
5558.204473    998.245654    
7880.441860    994.988379    
7986.492063    778.017196    
5615.562264    1657.027101    
7915.669903    275.865923    
8098.037594    1785.983613    
8116.323077    811.002620    
8564.220000    738.798275    
7239.052632    1679.576497    
8284.160000    861.724990    
7195.273585    369.716988    
9920.675676    739.304338    
7805.727599    518.157590    
6533.722689    1218.017689    
6593.725869    1846.234159    
5034.689189    721.150332    
7077.613900    2154.399478    
6416.714286    2816.115657    
9158.383399    831.078141    
8186.877778    1991.016244    
8676.193878    871.314590    
6011.358140    1671.921734    
8167.026316    333.369835    
6333.598456    1223.215959    
7645.525692    923.202882    
7090.298387    681.036141    
7311.573840    1028.306424    
5021.743083    727.562991    
5823.271605    814.229839    
6371.909091    1847.759203    
8950.824074    502.054055    
9419.493421    516.116483    
8471.073593    570.636122    
8368.818182    1045.303463    
7354.907834    805.550727    
5325.434066    1278.900581    
8554.156863    609.208442    
7997.543307    577.324698    
nan    nan    
9735.705521    287.487827    
9137.240343    749.332660    
7578.673401    895.816339    
9302.396313    360.251921    
6891.032609    3375.379655    
8763.340611    608.568380    
7768.190083    2072.201860    
9997.544444    612.359638    
8563.422131    3262.513027    
8738.969512    2375.296381    
9492.971014    922.583156    
9174.585062    1508.906574    
8745.736434    356.406625    
9521.836134    1603.689544    
9716.773148    913.860599    
9061.693277    917.621392    
9526.035354    680.579480    
9029.279621    482.059673    
8564.198171    818.544854    
8544.465217    1060.758214    
9233.500000    1111.634829    
8893.006349    987.397853    
8849.332075    822.881483    
9144.164804    800.679993    
8409.598837    428.473666    
9459.971671    839.190828    
9548.137168    760.392536    
9663.014423    1052.773980    
9962.699029    511.243161    
9082.712195    262.777565    
9920.804878    433.769452    
9875.537037    732.897666    
9378.610390    1380.085917    
3155.666667    1674.601541    
8451.573427    597.804298    
9903.423529    567.828109    
9246.022727    418.135172    
8455.550847    634.513034    
6265.568000    749.934315    
9992.204819    2145.808314    
9455.330579    1608.586466    
9541.697143    1779.507795    
9699.479167    471.959994    
10069.811224    523.478515    
9321.294118    1454.693373    
10000.678715    720.526376    
9904.709402    746.913181    
10181.087121    633.774417    
9711.960245    1282.750061    
8739.700315    917.745493    
10111.281356    312.295794    
9433.366782    409.650577    
10299.363229    459.391270    
10476.385768    487.741878    
8651.830688    1200.687476    
10113.026667    1284.663325    
9976.165109    387.743654    
10370.568750    487.027035    
10248.402174    367.500948    
9911.020725    289.482349    
9033.282946    554.581162    
9815.421429    1826.460283    
9880.008696    563.765955    
10404.881410    291.335555    
10057.549451    591.779696    
9952.738170    826.319725    
9655.644689    1922.293341    
9638.694051    1567.069133    
10169.266234    527.058969    
9862.657343    735.375848    
9876.247232    1236.886319    
9847.806061    674.317949    
9606.541667    1718.961201    
10207.146718    563.916881    
9703.147632    938.961480    
9687.448505    977.787472    
9922.662295    813.909058    
8614.326733    2388.983569    
9244.204698    1989.677348    
8711.752613    1988.435723    
9931.444444    1170.271710    
9373.537037    1391.811464    
9141.387534    1269.420397    
8844.536184    1916.153424    
9809.688963    849.094509    
9657.386486    638.303486    
9493.392739    580.234396    
10084.770370    557.242908    
10095.804196    663.033021    
9909.071429    424.700525    
9258.582353    1393.234342    
9497.243333    1671.333543    
10200.835249    450.132556    
10449.900709    397.046959    
10370.941176    402.684833    
9503.283069    801.876154    
9093.069364    1717.799315    
9875.871166    661.155139    
9269.493902    481.554299    
9338.177852    556.435322    
10463.398693    528.032188    
8955.289017    506.070219    
9825.477966    1235.782540    
9326.640541    594.742663    
8992.738710    1074.865294    
8458.942308    1501.816988    
9508.974684    1648.968826    
8133.813559    3368.713600    
9106.846442    1202.324921    
9141.623810    607.527884    
8290.981132    1521.260190    
8660.702186    934.170393    
9245.131148    877.929621    
8253.536946    1240.435277    
9130.394322    313.376945    
8159.538251    1189.537370    
8989.214876    1027.141807    
8620.670554    1148.073336    
9021.022140    782.508522    
8928.731429    652.554201    
8200.341270    1205.527173    
8167.806540    952.038283    
9550.062130    650.704724    
9414.193277    504.959847    
8905.247978    1349.944355    
9258.500000    1488.347046    
9405.246418    735.848038    
9248.653631    1169.379290    
8509.796296    865.813113    
9340.579365    552.059329    
9402.382184    793.840599    
8497.904762    1124.483581    
9310.490196    661.449048    
9607.467606    485.025036    
9430.796296    773.667749    
8879.020896    1550.571185    
9770.161376    515.481963    
9259.629747    583.013488    
9358.796296    478.882786    
9359.623563    671.813470    
8521.925926    797.831681    
9105.478261    973.489119    
8751.677249    703.918670    
9723.108108    672.107166    
9559.234637    859.075962    
7015.774704    3094.471379    
9087.291005    1168.738494    
8732.679641    1205.572290    
9269.124339    540.652191    
9390.823256    1161.607710    
9540.170732    858.149043    
9422.500000    676.552538    
8739.550265    964.031819    
8354.807947    1027.207513    
9722.718750    880.705683    
9266.218241    1109.618194    
8868.907631    2359.057183    
9580.632867    1430.952742    
9252.194149    800.073186    
8670.084881    1339.237874    
9262.309140    1141.899638    
8807.826705    844.293728    
8033.906977    1824.719105    
7198.838006    1939.463723    
9402.756677    869.911640    
8345.115502    1566.203708    
8450.680217    774.344290    
8439.157738    1353.357917    
9061.611860    684.668653    
7966.617021    1187.075735    
7890.132530    1205.152413    
8918.247934    1498.382135    
7868.742382    1373.765972    
7852.921986    1847.337847    
8352.042105    1802.150288    
8745.896552    744.653951    
7577.972067    973.442707    
8686.394180    1096.238190    
8310.104278    952.900465    
9643.836461    727.513859    
9761.798319    746.170683    
8330.620968    1186.756062    
8408.494652    1006.694171    
9160.445623    737.827313    
9776.410053    520.741305    
8628.279255    1551.474369    
8129.141243    1839.184193    
9214.648221    1060.410126    
10147.306962    692.595881    
9349.863271    871.796887    
10532.362776    484.095642    
9929.718475    897.493834    
9896.356546    826.040268    
9667.525281    1159.357962    
8903.702454    2044.813247    
8761.338235    1942.750468    
9315.650273    523.637371    
9587.165289    950.329672    
9590.265176    1180.094041    
9038.996711    1576.658795    
9013.364903    1256.005479    
9089.141304    980.286170    
7799.441734    1208.559510    
8767.293103    887.670454    
8598.212575    1910.125061    
8388.441791    1449.371574    
8053.960366    1765.412593    
8736.117188    1244.854633    
8017.527536    1234.907028    
8248.125683    1538.708145    
7321.091286    1624.349542    
6415.763285    2139.831741    
7852.769841    1355.889313    
8030.096257    1323.730588    
7964.447514    1562.472656    
9111.680791    782.470394    
8228.368421    2025.863288    
7966.599455    1592.550013    
7198.343537    1868.330524    
8408.733333    642.131756    
8312.453453    1992.217253    
8052.322581    1730.576869    
8344.701058    874.986599    
8793.838710    1512.846650    
8223.140449    1393.715676    
7817.966480    1622.223928    
7591.673295    1388.979066    
8083.578348    1468.830484    
8382.240000    2653.350416    
7841.338068    1857.576802    
8530.071809    1264.222102    
8188.598930    1055.047597    
7858.386111    1124.762411    
7529.604972    1590.464037    
5708.263158    1323.773087    
7488.631250    1478.624446    
7136.385915    1187.437454    
7214.706199    1253.665684    
7001.733146    1173.336652    
8003.108635    1053.126483    
5259.931880    555.698846    
7799.372654    856.056109    
6649.476190    1024.487848    
7029.925532    1436.150591    
7715.866120    1774.942821    
7891.549865    745.752909    
5974.569892    1043.438115    
7788.684932    1506.804323    
7573.290055    1642.472677    
7180.039773    1240.402633    
7272.105850    1433.633164    
7485.149864    1401.412916    
7039.115493    1057.729562    
6923.779841    1276.626106    
8461.394322    1110.650203    
7648.638298    1258.145478    
6014.609043    1041.158877    
7632.178082    1245.864551    
7730.569364    1423.646120    
7944.519444    1681.851699    
8128.658263    1405.782197    
7143.906667    1092.249041    
7661.671958    595.244935    
7089.168168    1446.739279    
8091.743440    1932.501284    
7504.132394    1252.571081    
7677.601093    1255.480582    
8861.470085    1460.987364    
8089.300000    1399.696957    
8037.037135    814.465146    
7776.381720    938.013830    
7631.072581    1575.135788    
7154.611860    1163.125358    
6910.548485    1519.875357    
6714.869333    1111.483557    
7983.597333    1423.841632    
7540.637566    1207.196095    
7090.932945    1198.440886    
7512.761905    847.884599    
8115.394180    1129.832521    
8000.628647    1642.086064    
7164.746032    1531.532700    
6945.727513    1016.876240    
7855.994521    1021.136106    
7814.244032    1046.537516    
7975.119048    699.860930    
7657.698413    1148.702339    
8778.738095    648.938191    
8505.254642    1099.211038    
7545.974522    1103.970489    
7355.437666    830.087389    
7657.115591    1106.357401    
7951.637566    930.863238    
8220.522667    1311.654011    
7439.177249    1114.189003    
6917.138298    1042.231200    
7553.089947    952.267710    
7800.445623    996.408015    
7287.695767    1163.213352    
8141.251989    1626.219250    
8084.251323    1176.400416    
9113.727513    655.662497    
7873.375676    1689.576916    
8922.532033    1326.101738    
8358.634409    793.381077    
8201.203704    793.287169    
8107.936340    1103.500034    
8516.346561    876.116817    
7826.333333    938.091497    
7828.690476    514.233659    
7876.298942    801.527152    
7980.664021    1285.783573    
8315.515873    1115.286255    
6908.335979    1491.801057    
6793.545181    1401.058383    
7597.740741    651.268312    
7164.687831    848.631879    
7781.198413    1177.692069    
7837.791005    774.390941    
7136.949735    829.886315    
7086.509333    969.098690    
6917.621693    1120.022086    
7130.335979    901.842629    
7386.347594    1216.497931    
7950.116402    1342.049649    
7308.370370    986.595372    
7001.962865    904.038932    
7705.301587    845.912168    
6622.928571    1143.087582    
6957.568783    748.295535    
7807.288360    714.776410    
7146.178191    742.684448    
7663.600529    642.778202    
6974.631436    1418.842096    
7021.187831    581.104831    
5894.124339    692.465771    
7275.415344    457.615900    
8034.179894    838.852267    
7280.880952    995.674286    
6531.367725    613.202306    
7632.653439    929.802445    
8040.907407    459.459660    
7025.859788    665.055835    
7642.111111    430.255619    
7799.592593    808.316137    
6669.141689    1047.219004    
7532.825397    525.304025    
7095.767196    609.005173    
7227.412698    728.414989    
7231.976190    413.288806    
7567.886243    693.541540    
7383.280423    944.130868    
7170.764550    594.134362    
7842.619048    701.269558    
8005.042328    758.715211    
7961.981481    438.878582    
7872.084656    755.658183    
7657.798942    452.515488    
7663.044974    656.133375    
7501.246032    766.170903    
7747.785714    452.185474    
8002.679894    741.073171    
7321.224868    601.349531    
7935.706349    531.159948    
7887.227513    574.046461    
7986.402116    688.871201    
8014.698413    488.402665    
7614.079365    486.490585    
8372.412698    534.793298    
7298.455026    375.719957    
7404.277778    586.162775    
7338.671123    966.036874    
7436.661376    825.359304    
7441.554377    321.685429    
6688.137566    1047.005626    
7621.894180    777.366273    
7187.880952    418.887717    
7954.997354    508.442307    
7724.126984    865.743104    
7619.068783    910.533785    
7619.341270    454.729319    
7178.849206    502.503032    
6863.060847    667.187232    
7582.558201    647.845810    
7863.082011    1118.322400    
6695.322751    559.041358    
7327.164021    599.364385    
7106.079365    685.672874    
7093.417989    416.072147    
7095.759259    611.866628    
7363.174603    567.877573    
7156.171958    667.709208    
7318.555556    343.591848    
7283.171958    388.721585    
7387.873016    635.317439    
7224.058201    302.981388    
7318.171958    415.272989    
7065.026455    569.039983    
8236.568783    759.345828    
7505.351852    435.483670    
7953.658730    440.832921    
8040.391534    426.898939    
8190.526455    472.312717    
8027.883598    390.966490    
7524.658730    457.587517    
8132.013228    411.794714    
8326.304233    546.977810    
8515.645503    591.419672    
8238.923280    625.718936    
6883.936508    446.444349    
8184.204787    466.702595    
7692.552910    600.310928    
8587.928571    807.404787    
8616.751323    645.952770    
8195.952381    546.566123    
8926.708995    705.344630    
8095.833333    623.133200    
8198.772487    567.914291    
8317.960317    451.128609    
8121.783069    546.305902    
8457.222222    397.550873    
8562.373016    703.538878    
7585.955026    410.125107    
7644.806878    411.526340    
8175.140212    341.722828    
8114.219577    275.015126    
8562.476190    700.703762    
7937.566138    331.950771    
8141.989418    456.189189    
8277.949735    586.425099    
9039.301587    773.781868    
8606.410053    647.139100    
9076.484127    619.945966    
8067.613757    354.298068    
8794.153439    754.899189    
8755.912698    681.665879    
8974.481481    651.746986    
8997.404762    723.099653    
8638.195767    585.614328    
8642.674603    811.265324    
8629.687831    511.329115    
8987.153439    473.224113    
9067.462963    717.259507    
8972.140212    523.099294    
9103.661376    454.567830    
8995.396825    590.657137    
9464.909814    838.104377    
8771.386243    508.824118    
9057.126984    605.061893    
8712.695767    457.897524    
9015.325397    666.156104    
9193.571429    598.898912    
8637.470899    505.987604    
9544.298942    560.208236    
8822.417989    528.555098    
8907.608466    868.408884    
9055.275132    666.159905    
9234.513228    571.861590    
8909.880952    706.922916    
9080.703704    777.416306    
8986.902116    629.785580    
8686.854497    568.219592    
9056.470899    682.934080    
8634.000000    579.040513    
9145.497354    565.275352    
9224.050265    528.890553    
9065.801587    603.038497    
9223.261905    622.840492    
9280.179894    520.661387    
8419.447090    545.642400    
9150.465608    439.505380    
9132.793651    569.977624    
9057.947090    398.853406    
9302.291005    649.583937    
8979.867725    479.478397    
9387.452381    580.332535    
9174.021164    689.006274    
9269.962963    545.316217    
9042.473545    674.866070    
9269.476190    750.442674    
9141.457672    435.464891    
8763.261905    418.190753    
9121.632275    658.409527    
9105.306878    716.064329    
9301.328042    460.018453    
9408.640212    821.428667    
9357.857143    436.786044    
9016.037037    502.758732    
8785.576720    546.369277    
9369.933862    449.942758    
9563.611111    691.085631    
9279.695767    593.188813    
8680.846561    395.401922    
9039.386243    474.406267    
9041.322751    371.180444    
8808.791005    601.278282    
9297.714286    619.160742    
9697.429003    788.034676    
9563.986772    454.815745    
9105.238095    618.861616    
8990.333333    422.676162    
8468.190476    552.536140    
8941.886243    445.994858    
8955.820106    503.141653    
8836.994709    464.117847    
9223.568783    732.632527    
8969.010582    614.216643    
9396.394180    704.778892    
9248.444444    610.194273    
8483.478836    464.061585    
9348.105820    634.282092    
9828.465608    700.382454    
9490.486772    652.622278    
9535.436508    438.161107    
8916.891534    655.419601    
9224.896825    806.878044    
9468.563830    843.075402    
9579.269841    713.850388    
9339.943182    961.892215    
9084.013228    615.236430    
9383.828042    595.982755    
9319.211640    550.050044    
9500.896825    676.367416    
9048.166667    680.934136    
9167.910053    800.636313    
9472.170330    656.886223    
9226.767196    706.854152    
9445.325397    861.568824    
9613.439153    591.867042    
8698.912698    641.400592    
9077.828042    557.715758    
9675.888889    830.900648    
9446.246032    816.505611    
9974.941799    731.163957    
9127.582011    449.242761    
9668.984043    737.987459    
9446.788360    695.962846    
9205.923280    494.512920    
8928.552910    798.116757    
8856.775132    573.822083    
8917.587302    675.202524    
9062.158730    372.833695    
9091.243386    500.845448    
9025.187831    767.600183    
9510.208995    695.921319    
9458.134921    843.855078    
9303.944444    669.794061    
9364.997354    754.367497    
8944.984127    638.398132    
9193.254642    1157.544425    
8936.119048    818.422521    
9452.166667    667.294095    
8909.370370    648.679114    
8652.695767    853.587109    
8852.235450    745.917410    
8171.158730    735.854606    
8810.095238    834.509682    
9317.777778    963.670377    
8890.579365    746.304742    
9172.719577    704.580164    
8705.460317    607.760317    
8588.243386    555.990635    
8669.164894    836.657407    
8223.230159    953.976846    
8359.910053    594.362793    
8375.756614    1130.934120    
9476.685185    713.621362    
8761.058201    864.737760    
7639.291777    561.255550    
8349.351852    1093.151413    
8686.222222    1212.683966    
8938.357527    1182.550994    
8753.343915    632.707329    
9380.542328    677.298852    
9495.198413    652.619435    
8711.291005    688.661838    
8377.439153    709.030497    
8795.555556    770.866659    
9008.465608    753.743623    
9407.472622    780.402107    
9289.769841    683.051783    
9896.851852    694.919880    
9222.023810    602.863232    
9223.714286    597.972994    
9209.939153    513.498231    
8204.825397    631.163238    
8981.417989    807.454269    
8779.116402    1030.719196    
7833.335979    593.555203    
7500.751323    754.281095    
7551.883598    772.645296    
8217.026455    526.149268    
8342.193634    754.823406    
7493.121693    440.545232    
8574.114286    422.603088    
8414.632275    489.873987    
8091.320955    1135.881039    
8242.955026    834.408288    
7430.156085    816.089858    
8023.785714    452.155115    
8557.486772    788.886487    
7987.150794    831.687817    
7847.558201    809.279739    
8464.761905    1064.450163    
9399.251323    1011.914971    
9018.515873    564.344168    
8839.291005    429.401380    
8165.285714    753.972347    
8144.973190    1121.783898    
7708.579365    881.526169    
7973.227513    1208.403626    
9614.677249    545.693410    
9302.772487    928.008225    
8358.854497    766.259383    
8461.476190    902.048756    
7994.029101    915.825332    
7882.407407    1012.053613    
8367.677249    642.167054    
7439.608466    585.110237    
8177.617647    598.872573    
7131.074074    610.414271    
6969.851852    706.744458    
7930.949735    840.112672    
8174.304233    648.069894    
7468.425926    643.754247    
7693.660477    932.296583    
7388.259259    865.029706    
7787.383598    854.961003    
8364.579365    1123.370832    
6960.150794    542.661451    
7770.986772    831.591072    
7241.981481    481.528125    
7685.933511    1106.103081    
7999.433862    1216.659583    
7935.891534    596.530898    
7340.058201    891.806164    
8121.013228    805.019752    
7850.397476    986.029558    
7875.383598    863.801502    
8289.079365    777.885211    
7946.489418    803.053107    
7970.505291    560.587802    
6956.328042    444.649256    
8251.071429    530.068043    
7201.859788    392.120573    
7599.092593    1170.991984    
8305.619048    640.421168    
8523.359788    512.371835    
8026.015873    804.109488    
8255.727513    615.957535    
7567.830688    727.129264    
8133.880952    762.557656    
6386.518617    498.780017    
7238.687831    1082.138781    
8708.420635    613.847904    
8665.582011    411.688085    
9214.357143    601.430690    
8552.822751    545.430715    
8752.312169    635.899911    
6727.870370    528.942653    
8069.984127    1058.117476    
8552.576720    757.864736    
8517.060847    595.593554    
7748.367725    582.721892    
8530.640212    439.197317    
8749.502646    411.049220    
8915.267045    856.786267    
8426.735450    579.573068    
8270.686170    506.314996    
8334.037037    1228.287533    
8096.933862    757.712824    
7453.325397    696.867782    
7590.674603    951.729452    
7884.182540    708.525861    
8055.068783    670.986572    
7834.716931    1132.978769    
8060.862434    903.255061    
7677.470899    671.111650    
7321.284932    830.724349    
7644.198413    718.103573    
7657.367725    584.419030    
8293.420635    581.094152    
8183.746032    674.932992    
9046.134921    642.986085    
7216.698413    612.721027    
7496.322751    576.633031    
8582.515873    573.764853    
7555.658730    643.285057    
7592.089947    732.562548    
8193.023810    861.177723    
6578.986772    557.454577    
6662.510582    599.997122    
7807.793651    873.555488    
8167.283069    778.182285    
7960.320106    714.396512    
7385.809524    406.498789    
7933.862434    687.618120    
8060.238095    835.616692    
7561.201058    920.867869    
7507.417553    1036.163037    
6578.492063    360.325024    
6519.933862    578.538986    
7900.431217    950.418372    
7227.320106    526.295429    
7692.515873    867.015809    
8656.182540    714.268606    
7406.219577    616.727382    
8044.875661    826.181958    
7586.968254    914.150216    
7040.984127    568.377697    
8080.828042    1113.355553    
7655.256614    825.313659    
6969.007937    351.398449    
6994.962963    682.460169    
8000.978142    1620.779890    
8687.251323    966.428040    
8735.944444    1097.341602    
8067.156085    1039.462778    
7135.923280    585.985542    
7823.455026    1425.425315    
8235.695767    930.263332    
8874.835979    913.312223    
7965.373016    845.339965    
7933.350133    1239.542773    
8360.298942    1230.822499    
8539.296296    1197.589085    
8300.750670    1214.886806    
8084.259259    1099.363857    
8811.462963    1121.894658    
7335.873016    910.666484    
8207.668435    1137.881600    
8419.047872    1229.541096    
7668.566138    920.455070    
8201.121693    760.580460    
8431.669312    1376.624546    
7738.790451    1595.642359    
6035.021164    742.745272    
7034.558824    955.741054    
7423.386243    807.918355    
6879.582011    864.106806    
6736.759259    819.171983    
7140.928571    922.245404    
7931.510582    1254.754347    
6707.540107    1531.956911    
6296.399471    1009.108710    
7694.473545    1368.558503    
5812.801587    737.718064    
8387.783069    1540.113345    
7990.050265    924.702661    
7827.106267    1232.083980    
5909.822751    759.081200    
7816.219577    1147.406481    
6815.362434    688.352068    
7402.044974    679.724396    
6201.380952    639.909239    
7119.777778    771.927943    
7233.560847    834.482381    
7139.275132    946.644072    
8291.588710    1204.039250    
7002.973118    767.289307    
7621.165775    1082.901146    
6400.069333    1380.526281    
7248.591837    1970.778101    
7183.687831    674.197562    
7388.992042    1312.797197    
6496.915344    1310.957584    
6760.103175    1363.366708    
5972.658667    632.821665    
6695.322751    1211.937825    
7342.244032    923.353480    
8097.994624    762.031651    
6119.039894    1045.437970    
7407.195767    854.193551    
7593.332447    1382.819814    
6690.680000    1364.670290    
6987.722063    1425.918372    
6786.109043    1463.825423    
6887.021680    1086.588116    
7295.039894    1477.088804    
5792.907162    578.986313    
6301.507979    1141.603042    
6291.031830    970.401120    
6950.029255    929.237978    
6688.880637    903.002982    
6685.485411    645.625024    
6931.986737    1379.213424    
7599.144414    748.293669    
7794.783422    1438.415624    
7882.348315    1021.539435    
7857.944297    1484.892937    
6773.193122    751.185199    
6841.668478    1357.438006    
7320.930168    1261.177309    
8342.059946    1494.246377    
7594.912698    704.169803    
8785.049451    1435.646293    
8459.261128    1303.744990    
8036.005405    1179.372793    
7061.729223    1149.565415    
6864.459016    718.120872    
6472.669312    975.033256    
6682.730159    1179.336272    
7460.438692    1669.494761    
6764.711230    1111.929011    
6176.429730    1309.360133    
5064.067416    1094.284303    
5604.954301    536.092198    
5780.078591    901.295684    
7206.053333    1487.482922    
5463.067568    601.145032    
6009.273224    1206.986896    
5538.442971    643.806796    
5630.359788    1136.379411    
6591.160428    1500.024255    
6375.864362    972.922448    
6070.048128    860.096101    
6105.826667    500.445769    
5682.671088    699.005958    
6200.898123    1090.336636    
6682.870787    1585.487945    
5129.806878    234.278510    
7430.473545    990.443699    
8549.608108    1144.560617    
9087.179894    766.607113    
8980.240000    1352.634093    
7785.179348    912.268387    
6038.259358    740.185303    
7223.268097    1625.366769    
7139.333333    1102.956753    
7611.365079    1314.421254    
6765.237968    1581.219381    
8985.702479    1020.277732    
8380.851852    761.257616    
8909.252011    830.333743    
6690.252747    1620.008707    
6115.144000    1280.163492    
6205.121127    1175.001101    
6782.586022    1502.650724    
7860.350829    1229.314316    
8439.862434    587.035807    
6974.828804    1064.075009    
7192.611702    875.246666    
7020.310440    1346.532027    
7632.313830    1118.940210    
6329.317460    803.682737    
7590.463768    1247.498666    
8269.487805    966.977052    
7801.542781    905.744163    
8558.095368    890.138350    
8229.624339    1103.787178    
8628.783069    809.133572    
8425.896825    498.246717    
8922.367725    888.240806    
6909.337539    1628.399610    
8268.404130    1275.850399    
7691.614362    1220.818091    
9083.072193    937.054532    
8178.323529    753.632930    
5944.278515    524.896720    
7184.321809    1165.450182    
6380.355191    908.004634    
8314.314642    719.707190    
7309.518634    1507.924750    
7354.207547    949.197756    
7270.549333    926.436598    
8090.639344    978.152474    
5491.738095    668.489237    
7058.808108    1131.536462    
8058.893258    1193.158166    
8624.132597    1417.114824    
9028.521739    1374.290491    
9146.460106    1052.321723    
8071.059621    1011.354209    
6838.633952    778.473340    
4725.205056    557.300637    
5271.195652    1275.579960    
8221.186486    808.138345    
7727.715818    882.231660    
8191.804348    1427.149986    
6376.218085    695.600047    
7221.775676    1311.037178    
7456.658537    1738.098147    
6205.534060    1483.548896    
5983.454849    956.607079    
7053.983562    1359.805193    
6371.815476    1096.412514    
6094.172316    1414.549614    
7203.935657    1412.220962    
7965.866310    778.851364    
6630.286472    903.443990    
6932.101928    1536.595011    
6641.085106    1355.556972    
5531.206395    868.623280    
4810.650794    692.676077    
5284.626374    918.555297    
8102.080597    1391.976493    
7763.577778    1598.060277    
6643.923077    843.702417    
7156.548193    1937.659121    
7322.423077    980.207160    
6184.322751    383.575985    
6671.079576    743.640164    
6816.209913    1188.336136    
6529.022222    2498.711265    
4685.435829    708.120303    
4824.428954    491.583820    
5132.222222    901.315687    
7615.192000    724.558610    
7234.501385    1644.552571    
5547.966667    694.868296    
4347.997238    479.742521    
7916.378307    1054.114723    
8117.864789    1259.914738    
7169.939153    1245.941706    
7055.595890    1544.227577    
8507.535826    850.890803    
5623.977654    461.889996    
7299.443850    1162.436136    
8090.732095    968.986777    
7864.795699    1194.201216    
7755.073248    1677.218655    
4574.962264    563.923819    
7161.308311    1313.832020    
4951.759531    1333.153418    
6071.074866    1127.144546    
6695.093333    980.091813    
8374.787037    1394.294669    
8244.194070    1351.369372    
7959.956772    1092.309309    
5099.390698    2247.358970    
5575.541209    701.169138    
8767.291513    2152.319660    
6639.390411    2632.481103    
7561.015152    1322.632999    
7629.795597    1961.792658    
7415.033058    2190.881189    
6860.305630    1485.728302    
6043.159375    1466.369291    
4754.750751    1390.962290    
7090.248322    1936.816191    
6181.471751    1337.724024    
7646.975069    1759.302466    
7601.597484    1305.894003    
7412.159030    599.859484    
8700.783069    527.884538    
6847.435424    1147.697847    
7738.876056    1065.071120    
8026.343407    614.715234    
8280.038012    910.999991    
8271.379085    686.188297    
5946.886040    1782.813078    
5547.387363    1858.497351    
4695.438650    854.386107    
8082.600529    810.301467    
8924.840659    913.353176    
8707.876081    1074.495155    
8587.122034    1471.393592    
3541.031373    316.722181    
5063.052632    1962.779049    
7166.149826    1646.666747    
6993.442953    691.844489    
8694.788360    955.478083    
9101.596542    1109.903677    
8774.453581    684.782355    
8894.996644    1166.161640    
9970.588398    612.351860    
5073.455108    1554.614615    
6142.758755    2350.182737    
5969.597796    543.946504    
7668.302198    859.488282    
8970.989041    691.636154    
7954.851852    885.026335    
8788.231156    1171.426673    
8220.781818    1314.185551    
9156.774457    675.087797    
9090.029101    447.809674    
7672.669492    873.896014    
8475.554795    581.741458    
8857.070461    1031.340775    
8864.118785    632.207839    
8182.265372    762.701658    
8536.744624    892.101525    
7962.495798    721.324143    
6361.661871    1206.701888    
5917.836620    1513.503396    
8594.661836    1461.367615    
8775.852349    1211.341263    
8270.057522    967.292381    
4051.062731    1246.006666    
8738.381743    556.569699    
7762.436508    1112.622127    
8460.188571    1043.154753    
5951.466667    1643.620930    
7373.714286    1379.586554    
7799.079646    1075.544584    
8478.426829    1301.117358    
9339.462428    906.160403    
3957.698529    858.467417    
8180.064516    726.556188    
8561.994413    1783.039259    
9903.790123    767.203329    
10173.097656    618.188731    
8093.586420    1508.180801    
5364.175000    3165.656642    
5191.257732    2166.739789    
9274.003731    903.942437    
8926.033898    1044.266983    
7799.384615    1423.791383    
9365.829694    435.924027    
8920.853147    905.584388    
6102.344371    1537.959371    
9649.174863    666.551481    
7645.996587    2165.469955    
7588.270833    1962.673735    
7910.610169    1524.926492    
7974.123134    688.092119    
3782.809816    1184.054615    
9113.506849    1602.275267    
6952.049751    2570.356161    
5833.418605    650.053137    
8080.729008    1556.070246    
8823.168385    541.413324    
8531.707650    746.999689    
7758.746606    2352.972738    
8361.867987    1864.836360    
6122.335025    1931.796794    
4499.788571    1203.357463    
7671.921569    558.287414    
3463.406015    842.094275    
2937.939271    644.879395    
7852.970732    1027.208141    
8437.516529    1684.529115    
6033.210762    1823.003503    
8366.169435    1157.447068    
4044.810526    1819.686218    
8271.020408    1224.198852    
10091.287671    617.824608    
2655.587500    78.854485    
8227.500000    1302.758188    
5549.364641    2151.459217    
9302.782609    530.806062    
8513.047431    2306.864989    
8817.253456    873.034680    
9338.316901    1003.996685    
9207.571429    1734.819586    
7020.568182    3244.626156    
9016.607843    1184.640677    
9830.145631    643.973864    
10311.676230    654.880547    
8663.584906    1933.781996    
3829.786885    1097.286700    
8851.200000    899.430631    
4852.795699    3067.398357    
4370.822785    2011.397642    
6614.350254    2274.787187    
9629.675799    790.355275    
10089.723757    801.934271    
7807.238683    2395.651886    
8570.475113    1737.328244    
8215.295597    1951.203398    
5579.314286    1117.780397    
9022.909091    2192.494938    
3359.932331    702.546814    
5380.126050    1686.246443    
10638.390728    215.515552    
9562.228155    671.826933    
4805.986014    2966.467226    
5511.840000    2185.807332    
9447.612613    976.446722    
9332.647059    315.539210    
5980.415094    1936.008785    
9510.000000    857.359435    
6327.920635    2781.461317    
3697.162393    1774.641521    
9313.011594    574.640722    
8512.400000    871.490609    
9105.319728    661.786707    
8576.467890    1687.501438    
9306.353571    964.016071    
9036.847059    681.214109    
8422.841667    2863.841697    
9078.519084    829.860435    
7588.742857    684.148553    
10264.333333    522.433622    
9780.019608    1922.230919    
9169.310345    597.127875    
9229.177370    460.039666    
9224.040000    1712.400700    
9351.826271    553.229325    
3310.134454    1114.332660    
8604.050926    1191.497821    
7816.926829    2030.754223    
7670.104167    1265.476775    
8984.222222    1365.710889    
9991.577778    625.090404    
10000.824701    732.381245    
9273.714286    646.009364    
8421.190000    1334.754470    
8763.666667    1179.332956    
3199.500000    2191.842980    
9816.152542    566.047636    
9541.606383    815.644442    
9546.538244    528.927906    
9729.569343    598.071082    
9300.406844    1392.622246    
9820.362369    789.332246    
8964.702509    623.783956    
8614.005495    438.287683    
8873.500000    1084.797297    
9255.508475    615.250049    
9460.093985    776.859115    
8526.765896    1042.946668    
8231.845238    1547.529738    
8532.931452    1367.777235    
10186.172131    608.359831    
8185.061333    953.721351    
8729.065217    935.834376    
9151.658879    1292.145919    
7948.174387    681.939518    
7038.777778    1615.044050    
9698.064516    1050.692427    
8432.647773    1226.888594    
9632.191304    738.522872    
4986.310345    3533.937929    
9940.063830    652.890346    
9490.564626    779.333254    
9095.393064    688.730663    
9630.213904    1006.220507    
10160.436364    887.283818    
10299.529412    466.616959    
10268.647059    466.264119    
9359.476821    1712.740215    
10003.842105    603.736808    
10224.303030    489.986907    
9995.741445    684.519755    
9444.512048    743.868622    
3648.137255    3549.238510    
8984.033113    820.193681    
9423.775956    892.487779    
9641.598291    1545.924867    
9940.078652    594.197225    
9914.706522    746.349030    
8671.025237    790.832516    
9219.859477    477.254892    
10142.036697    688.626021    
10229.716895    729.904361    
7814.987261    883.441540    
6310.225914    1017.895531    
7640.883721    1660.730604    
9068.162866    798.278204    
8564.240418    616.420228    
9220.468750    970.615587    
9779.409594    956.518671    
9273.338542    694.121969    
9129.603960    547.786510    
7953.169960    796.005665    
8577.650000    835.949824    
7615.731481    893.485742    
8287.546358    435.898413    
7825.366559    1363.632951    
6679.125000    1371.320776    
7767.408108    1227.029110    
8799.798165    884.593223    
7704.215686    1094.887429    
8774.680751    395.611646    
8407.841629    1127.584688    
8939.711009    362.953233    
8437.029703    157.517150    
8694.476821    979.824764    
7502.664740    1509.134138    
8338.914286    411.604590    
8462.528814    1236.718470    
9649.007299    892.261937    
7782.588732    815.830502    
6487.382979    3634.289238    
8344.090909    311.040993    
9177.718367    646.675876    
7292.730769    796.604504    
7014.786765    786.401338    
8396.287425    887.320731    
8621.117978    255.895657    
7965.609836    760.995579    
8231.648649    341.677991    
5699.695279    1624.460794    
6630.561934    945.518636    
6325.461538    1319.294863    
6632.260870    1189.511989    
6929.125000    1472.798606    
8307.975490    811.056588    
7764.038217    1316.300195    
9063.334677    462.933481    
8111.417323    1031.579131    
5129.131387    880.921149    
6049.391144    1255.291464    
4971.255435    1121.059619    
6143.644737    1716.322811    
6755.053030    1943.628243    
9312.198980    1067.162806    
7182.990783    1510.645981    
9337.153226    1270.670169    
8179.934884    587.041566    
9239.768924    746.539103    
9142.939394    942.466316    
9387.071429    646.157714    
9419.384615    700.288703    
6952.135135    1830.095436    
6523.051282    3658.731285    
9227.730769    1235.814386    
10491.750000    294.877729    
4165.338710    1331.852424    
8026.500000    1346.077542    
9310.773585    1134.215590    
8732.150943    2876.635144    
10281.352941    380.659017    
9350.800000    803.642433    
6160.325843    3668.692002    
6244.190476    3841.140922    
8567.818182    732.605167    
7682.400000    1208.399343    
6752.720930    2800.350629    
8457.789474    244.649498    
8702.685393    856.275809    
1260.111111    7.279262    
3520.211864    1777.610774    
1239.653846    13.643658    
8270.155556    242.027910    
9828.574627    440.941536    
2165.235955    2431.680406    
5336.409836    3345.750289    
10241.892473    492.301386    
10238.675325    353.693111    
2873.610169    1535.174009    
6920.907563    2209.341603    
4442.895833    3421.979253    
6396.137500    3078.235727    
7226.656250    3939.143456    
9395.548611    446.701255    
8719.857143    218.669632    
5720.470588    2407.618665    
4173.041958    3118.949718    
1531.877551    1520.997345    
8414.000000    58.000000    
7380.363636    3239.801320    
4879.379310    2919.034922    
10035.628159    429.144126    
10630.270833    252.950402    
7042.552632    3911.835886    
nan    nan    
5298.676471    2645.299253    
8173.555556    2738.806581    
6877.122449    1333.872399    
2838.581395    1184.963904    
9161.478261    2300.528992    
8088.967213    2114.061920    
4779.842105    1121.806966    
8614.531646    453.934218    
2747.076923    3415.001384    
10137.826087    476.645493    
6985.250000    2785.441740    
3372.745902    2431.617045    
5410.973214    2965.077298    
6127.222222    1472.083012    
5609.948052    3524.393642    
7558.241379    2155.801478    
2649.164706    1021.070578    
1525.312500    31.055834    
8561.743590    2563.612472    
9862.100000    592.650057    
7653.619048    2004.073514    
7836.636364    1341.061021    
4352.571429    3347.181068    
7391.090909    2554.590288    
7552.336634    2575.770162    
4436.364706    2911.800631    
2465.929577    1916.668018    
4528.859375    3092.767823    
9411.318681    404.813968    
8873.882353    610.917813    
9120.155172    344.699209    
2058.456140    1196.048642    
1798.642458    467.550715    
6759.428571    1918.721699    
1808.471910    114.429321    
2359.069767    1417.966812    
1851.500000    2.500000    
nan    nan    
7464.750000    3243.805433    
2536.866667    2024.072853    
7819.500000    339.387070    
nan    nan    
7262.000000    0.000000    
10644.600000    228.826222    
902.266667    2.568181    
nan    nan    
9133.933333    1629.873593    
4990.000000    1361.889741    
1566.244444    45.199388    
nan    nan    
5665.600000    732.202595    
6595.500000    286.994048    
10520.500000    181.500000    
8673.222222    2865.677553    
2754.473684    2465.429211    
1590.200000    13.934131    
5993.738095    657.876311    
nan    nan    
9008.703704    174.963026    
10367.142857    176.099346    
8923.013514    1132.448656    
8531.473684    290.565034    
nan    nan    
nan    nan    
10797.500000    95.500000    
nan    nan    
nan    nan    
nan    nan    
10502.750000    288.075402    
793.783784    1.435743    
10343.269231    335.486508    
10269.105263    358.951088    
10413.480000    337.962852    
9833.581395    641.869371    
9686.730769    756.885893    
9926.404762    407.343254    
nan    nan    
nan    nan    
nan    nan    
10775.923077    118.344648    
10002.783784    589.748464    
9820.500000    503.778248    
6743.443478    4408.017439    
745.439560    1.060881    
9906.130178    622.551360    
10133.150000    532.612784    
9460.669065    501.760933    
9517.296296    659.057678    
10360.869565    574.901035    
9824.337838    214.711452    
9701.422414    376.668064    
10170.972222    429.353421    
8818.304348    209.928235    
10011.266667    325.119356    
9618.017857    188.113994    
8755.904762    472.540742    
9459.191011    1156.063369    
9092.400000    95.062295    
649.575000    3.852840    
9233.833333    154.344762    
9264.625000    687.607907    
9842.402778    585.367564    
7957.000000    270.500462    
nan    nan    
7958.298246    389.977551    
8408.444444    251.117552    
8243.000000    0.000000    
10024.985075    666.408227    
10256.538462    333.168614    
2634.527273    3738.996360    
1325.000000    46.445998    
9246.333333    180.771187    
nan    nan    
nan    nan    
7702.444444    2308.056956    
10247.904762    287.445383    
10241.333333    421.698418    
10152.285714    508.273281    
nan    nan    
nan    nan    
nan    nan    
3520.333333    3460.511796    
1126.584906    21.709431    
nan    nan    
10642.333333    177.248100    
1278.500000    6.994045    
1210.289855    40.533079    
nan    nan    
8134.000000    0.000000    
9638.666667    262.361498    
9433.250000    341.861357    
6439.441860    4129.956829    
nan    nan    
7922.000000    0.000000    
576.692308    2.126196    
8142.384615    906.919345    
8694.909091    1145.914201    
564.974359    2.177827    
580.000000    0.000000    
913.842105    1641.975340    
nan    nan    
nan    nan    
nan    nan    
nan    nan    
2398.358974    3476.154348    
nan    nan    
1017.666667    1740.920371    
585.000000    0.000000    
569.463768    5.711873    
nan    nan    
nan    nan    
569.694737    5.090908    
nan    nan    
569.798387    4.067931    
nan    nan    
nan    nan    
nan    nan    
568.000000    0.912871    
nan    nan    
1147.137931    10.441047    
7782.222222    774.965702    
796.088235    2.570965    
9704.109091    664.974386    
8762.071429    579.276576    
nan    nan    
nan    nan    
nan    nan    
997.281250    34.174400    
1072.315789    7.950853    
nan    nan    
8005.342105    339.316517    
8748.071429    525.786549    
nan    nan    
nan    nan    
nan    nan    
nan    nan    
577.666667    0.596285    
10095.363636    451.161385    
nan    nan    
nan    nan    
9633.125000    268.154078    
8971.000000    0.000000    
10136.750000    352.750886    
nan    nan    
