	3495.7794238683127	3415.0655339805826	3291.663422546634	3185.8088235294117	3137.5317779565567	3101.431854199683	3107.132520944402	3057.866866118175	3034.0914454277286	3015.8913994169097	2999.9382183908046	2960.513318934485	2935.866666666667	2930.446263345196	2900.6234701223902	2885.8670977011493	2877.7702219040802	2873.185317177477	2865.0099573257467	2872.304809052334	2870.4925899788286	2891.046755059316	2902.886648122392	2911.8332184700207	2923.9643102264927
	3445.790349417637	3346.3884297520663	3261.013029315961	3166.2408163265304	3136.142050040355	3122.1864139020536	3107.2161955691367	3076.312640239342	3040.082535003685	3001.7681584739544	2984.6738973246565	2959.8281811646298	2942.49356223176	2913.8316618911176	2892.5119305856833	2875.9647228221743	2866.9505021520804	2865.668817204301	2856.353109363831	2867.8491103202846	2872.5774946921442	2891.152875175316	2893.217086834734	2904.3977746870655	2922.3198074277852
	3429.3425	3314.5498338870434	3230.334426229508	3140.609477124183	3166.0696202531644	3119.9434406912806	3114.4200459066565	3075.064296520424	3035.742750929368	2980.1632047477747	2958.1852122986825	2946.924023154848	2939.6262553802007	2906.6311239193083	2889.7557803468208	2872.3073029645698	2855.108695652174	2862.410367170626	2866.10485021398	2867.690391459075	2875.648936170213	2883.9738330975956	2885.6995768688294	2901.9567039106146	2924.8763736263736
	3403.4475639966968	3330.300892133009	3233.0219155844156	3166.9790153349477	3162.5565964090556	3118.4195046439627	3074.064714946071	3044.3112633181127	3001.299924069856	2958.637048192771	2956.9940959409596	2917.6033848417956	2922.1315028901736	2901.322206095791	2858.2966226138033	2849.4145267791637	2861.6172214182343	2865.2844827586205	2880.22143364088	2866.5727532097003	2879.3435060326474	2883.1179815209666	2877.292492917847	2898.6666666666665	2918.7884217780843
	3440.789983844911	3308.5926222935045	3267.5447347585114	3163.109076433121	3145.5535714285716	3082.155159038014	3074.392609699769	2988.3643410852715	2974.4553158705703	2951.0297482837527	2911.1382978723404	2906.46875	2895.8274596182086	2877.063643013899	2860.2952029520297	2852.4670087976538	2847.56126192223	2859.492040520984	2877.808876163207	2877.5238434163703	2875.8165596002855	2875.364479315264	2878.0113394755494	2897.5	2920.884668508287
	3416.296502384738	3313.340425531915	3266.0371229698376	3147.273510971787	3083.901792673422	3032.8470588235296	3021.612626656274	2958.31220657277	2925.9158805031448	2896.415300546448	2884.6369969040247	2859.5581929555897	2864.686333084391	2854.1227678571427	2848.902384500745	2849.227474150665	2843.318851251841	2854.962827988338	2872.771223021583	2856.756678700361	2863.7791366906476	2876.2544547398434	2874.039145907473	2894.958596491228	2915.2724757952974
	3432.4651702786377	3327.954858454476	3267.4382107657316	3127.9976833976834	3062.6560062402496	2968.5019952114926	2959.14082278481	2922.1459159397305	2856.875100080064	2855.8017515923566	2842.111374407583	2835.333072713057	2825.34509202454	2834.3045454545454	2819.412746585736	2837.03286034354	2828.2775297619046	2838.5670103092784	2855.597080291971	2848.4170305676857	2863.0253073029644	2870.994989262706	2876.0935714285715	2888.193229901269	2914.334948096886
	3415.754110612855	3329.181953765846	3245.847076461769	3127.4927091327704	3008.028146989836	2936.2569610182977	2920.9584	2879.8053097345132	2809.378554021121	2808.311435523114	2800.139403706688	2796.796812749004	2785.6422955974845	2818.9574303405575	2815.736923076923	2824.9961890243903	2820.9267924528303	2820.89552238806	2837.113082039911	2857.3095411507647	2863.3727338651197	2867.9243515850144	2870.720345075485	2893.5430790960454	2916.3911234396674
	3407.438686131387	3311.6186252771618	3217.0449775112443	3063.201399688958	2981.5515342250196	2935.3547619047617	2882.9048387096773	2848.53013029316	2753.1295681063125	2766.971193415638	2776.3007334963327	2763.7247557003257	2772.0545746388443	2804.5007886435333	2809.7890625	2804.5347758887174	2793.6464258262877	2801.519696969697	2821.404921700224	2842.786607799853	2847.5938641344046	2856.3914306463325	2862.7590448625183	2877.9592857142857	2899.8536414565824
	3369.4107913669063	3270.9436722750547	3159.1661654135337	3053.5196911196913	2958.101185770751	2911.3043130990413	2845.3455284552847	2770.1537822111386	2698.834738617201	2703.1009251471824	2725.7250830564785	2712.71926910299	2746.659035159444	2752.6720779220777	2752.7966101694915	2768.0992063492063	2778.5108864696736	2790.8863287250383	2807.7889977392615	2827.142962962963	2838.5949926362296	2854.7863935625455	2862.9681390296887	2874.564011379801	2900.5719273743016
	3325.979300499643	3229.9256559766764	3129.9714285714285	3028.1796453353895	2939.752782193959	2874.738498789346	2814.583676834295	2718.419627749577	2667.3552519214345	2667.7615384615383	2672.488510638298	2693.04215851602	2725.465445462115	2698.658617818485	2713.0809248554915	2741.7333873581847	2756.2192429022084	2764.9372093023258	2778.271264367816	2808.6744360902258	2831.9258160237387	2852.7181551976573	2847.4106104651164	2869.406695156695	2886.9473684210525
	3253.0514653323803	3172.0497803806734	3094.3628185907046	2989.6387596899226	2883.1573849878932	2830.810500410172	2751.373635600336	2668.7394668959587	2614.3840769903763	2619.2116218560277	2655.6966580976864	2628.799826689775	2631.5569837189373	2653.5661016949152	2670.788494077834	2686.98	2711.837947882736	2710.579326923077	2757.0248833592536	2764.15935334873	2798.92	2830.0875643855775	2844.6753812636166	2858.824624194703	2887.1780726256984
	3202.8771428571426	3117.3876651982378	3056.166918429003	2954.2537196554426	2847.3986981285598	2790.6541978387363	2720.970389170897	2624.1678260869567	2591.657268722467	2583.7206012378424	2586.9210526315787	2584.7247141600706	2573.1826163301143	2624.708154506438	2641.7747440273038	2634.6791489361703	2668.347789824854	2700.2204081632653	2721.613727055068	2756.5679875679875	2790.3277945619334	2818.5961395694135	2818.8932748538014	2847.2734430923406	2884.4646606018196
	3139.593974175036	3080.711764705882	3007.690895179801	2884.8505195843327	2817.517269736842	2737.235744680851	2665.9258620689657	2588.748898678414	2559.7283288650583	2547.052914798206	2544.0444444444443	2493.724388032638	2555.2380952380954	2542.453097345133	2598.8359375	2608.353448275862	2646.3381234150465	2670.3219063545152	2695.549593495935	2706.3141945773523	2755.582561728395	2807.7352721849365	2817.8224981738495	2828.1443001443004	2869.0394922425953
	3091.10998552822	3031.473174366617	2941.5741029641185	2830.3056910569107	2770.469798657718	2694.3646551724137	2632.8787346221443	2562.3996415770607	2516.609090909091	2499.88401826484	2490.99001814882	2466.0573248407645	2491.6104129263913	2518.670231729055	2546.6047957371225	2585.928384279476	2602.5180722891564	2628.326530612245	2658.0371593724194	2691.7580645161293	2739.3950039032006	2797.5913173652693	2809.8302852962693	2820.238405797101	2850.7507122507122
	3053.5870036101082	2996.476545048399	2913.2341920374706	2811.1883701883703	2746.46102263202	2683.102852203976	2635.6549604916595	2554.309139784946	2461.2292637465052	2436.293843283582	2424.6889507892292	2449.388278388278	2455.2224247948952	2488.6256781193492	2508.423667570009	2563.4912126537783	2584.6170583115754	2594.729845626072	2639.6426202321722	2668.584142394822	2730.7643362136687	2753.5886415963164	2777.4286781179985	2810.2903930131006	2840.1566091954023
	3029.393193338161	2961.80059970015	2892.026687598116	2804.966420966421	2747.686454849498	2684.7361111111113	2615.533628318584	2506.323583180987	2422.5112994350284	2423.8086303939963	2407.3499061913694	2414.4436229205176	2460.283105022831	2461.294388224471	2503.4483695652175	2529.3840644583706	2557.3552631578946	2584.203799654577	2599.476430976431	2651.228641171684	2690.195393169182	2738.4318885448915	2763.948679245283	2807.3072421360644	2852.988555078684
	2989.0080527086384	2920.502279635258	2871.5043273013375	2802.3030303030305	2714.0178571428573	2635.1231310466137	2557.3525179856115	2450.85488372093	2372.980056980057	2375.0132953466286	2358.064761904762	2373.774740810556	2425.0389249304912	2445.0064575645756	2471.9788213627994	2504.0296495956873	2528.8455428067077	2543.0882096069868	2573.7380952380954	2597.3363711681855	2655.339256865913	2704.991345397325	2735.754250386399	2790.810051736881	2837.0086393088554
	2972.8736383442265	2913.186222558668	2860.9921383647797	2787.2567457072773	2680.5145547945203	2607.2347209920285	2502.3467520585546	2423.5494402985073	2360.4675572519086	2339.171785028791	2326.012512030799	2349.0380228136883	2403.108635097493	2399.9496738117427	2432.621747211896	2458.1113138686133	2499.551327433628	2496.432980599647	2523.402070750647	2579.3478625314333	2631.6846846846847	2675.323763955343	2731.1029411764707	2793.809131736527	2846.8361131254533
	2981.14724803431	2914.6467065868264	2865.421996879875	2795.624898291294	2703.2608326253185	2614.7165633303807	2496.1019283746555	2418.7404295051356	2394.356940509915	2355.050717703349	2328.444658325313	2372.5326395458846	2403.179796107507	2396.5625	2444.978624535316	2459.45031905196	2500.8471731448763	2548.6614853195165	2562.4774083546463	2611.489112227806	2663.6384364820847	2722.1740157480317	2766.262835249042	2830.967958271237	2880.647612156295
	2980.025	2943.6109873793616	2888.258914728682	2830.9349919743177	2750.840434419382	2683.9887250650477	2626.4008810572686	2532.5846153846155	2484.362132352941	2445.413568773234	2468.5078922934076	2467.571955719557	2494.442831215971	2505.022644927536	2531.1106115107914	2566.8365724381624	2593.511206896552	2604.6354344122656	2649.4168755221385	2703.165985282093	2781.4717868338557	2836.4196496572736	2872.370342771982	2921.692139737991	2954.144388849178
