	3204.8720487433357	3193.12319391635	3186.3688212927755	3192.0929878048782	3193.031226199543	3202.51871657754	3207.301684532925	3212.8865030674847	3220.1268255188315	3228.035466461064	3253.933800623053	3270.776037588097	3273.55390625	3283.3283815480845	3298.277429467085	3313.5452399685287	3342.6487766377268	3366.4403162055337	3395.6984126984125	3422.379968203498	3433.72288202692	3446.943917851501	3457.5849056603774	3469.604084838963	3483.053585500394	3492.9873617693524	3495.1375494071144	3489.3896825396823	3474.00873015873
	3221.427154843631	3205.7576219512193	3194.7890327494288	3195.7301829268295	3203.5561497326203	3210.0160796324653	3214.2053639846745	3216.917944785276	3229.660246533128	3245.9604344453064	3258.8659392049885	3268.26640625	3277.8295543393274	3288.079874706343	3311.921985815603	3329.096442687747	3355.4785714285713	3372.4667721518986	3394.69126984127	3414.982553528945	3436.959587955626	3458.7746031746033	3467.839905362776	3479.4215918045707	3492.485804416404	3504.659810126582	3490.336742722266	3489.0252565114442	3481.488501189532
	3237.279389312977	3209.9133079847907	3200.4782939832444	3202.7	3211.6830015313935	3214.3780674846626	3218.369915579432	3224.2098385857034	3232.710100231303	3242.6218097447795	3262.148205928237	3272.4776820673455	3279.058639562158	3296.025137470542	3313.9463722397477	3336.7426761678544	3356.82208101668	3376.8859857482184	3404.2063492063494	3427.8756972111555	3446.719172633254	3457.0323854660346	3476.076679841897	3484.1190851735014	3505.574940523394	3490.9535798583793	3490.259842519685	3475.466718872357	3464.677394034537
	3253.9070121951218	3228.1754385964914	3213.3995416348357	3209.6475535168197	3211.6067329762814	3216.8842911877396	3218.829754601227	3223.8463901689706	3242.2521268368137	3252.045771916214	3267.065573770492	3280.091692789969	3290.3985849056603	3308.2974683544303	3324.0174188440224	3341.697065820777	3362.0158856235107	3383.6833333333334	3412.528241845664	3440.387019230769	3462.518370607029	3461.2509897070468	3477.2842438638163	3490.586698337292	3504.6510705789055	3505.9770387965164	3494.0338849487785	3483.0872641509436	3464.5907305577375
	3272.419527078566	3241.930534351145	3218.781679389313	3214.406273909717	3213.7454128440368	3221.687116564417	3223.6991557943206	3229.4392307692306	3243.9458204334364	3253.0946470131885	3277.0988235294117	3289.1055118110235	3302.560821484992	3310.558893280632	3329.5146942017473	3343.9586316626887	3357.9222222222224	3377.4409199048373	3408.308917197452	3441.632506004804	3463.167597765363	3458.821343873518	3465.0212598425196	3478.3556782334385	3490.6692975532756	3497.539857932123	3498.209613869188	3473.9984326018807	3458.914576802508
	3286.2056359482103	3258.8722264728385	3233.6607963246556	3218.6794185156846	3223.131134969325	3231.679506933744	3232.248073959938	3236.1651234567903	3249.1048136645963	3264.984399375975	3282.9685534591194	3295.5892575039493	3302.7201581027666	3318.1697065820777	3337.2717131474105	3346.417197452229	3364.6307814992024	3382.635275339186	3413.861821086262	3437.7264	3467.3269384492405	3482.7808	3471.034727703236	3483.4763033175354	3499.847739888977	3494.5501976284586	3481.0479937057435	3464.2421630094045	3451.9358372456963
	3304.5194508009154	3263.1274809160304	3237.043611323642	3217.825821237586	3219.1906584992344	3224.1912442396315	3230.5231124807397	3239.412219644238	3259.0117004680187	3270.9060297572437	3285.4023622047243	3305.0779014308428	3316.8702229299365	3327.648605577689	3346.3464	3352.535514764565	3374.22516025641	3384.981629392971	3410.5953525641025	3448.5792437650844	3462.036	3477.684504792332	3497.7176	3488.7315914489313	3497.7325396825395	3485.655634357762	3466.22848200313	3453.1426344505066	3442.83359375
	3315.79604261796	3269.454268292683	3237.093058733791	3221.644003055768	3222.927203065134	3223.871834228703	3232.485736314572	3237.3616692426585	3255.1300623052957	3273.84	3297.3531274742677	3312.8900398406377	3325.0671462829737	3328.3030303030305	3339.6533546325877	3360.73113964687	3371.608173076923	3395.8096385542167	3422.7316680096696	3455.7954729183507	3482.761519805982	3497.9685483870967	3511.0733279613214	3505.8054443554843	3514.320256204964	3473.0432389937105	3452.36875	3441.803585346843	3431.385214007782
	3332.011424219345	3278.5262757044934	3245.5508021390374	3224.012987012987	3215.8227654698244	3222.659509202454	3224.1766513056837	3226.4023076923077	3245.4460822342903	3276.8828616352203	3290.551342812006	3310.596658711217	3320.5810055865923	3328.1837060702874	3340.4912	3363.534995977474	3380.749196141479	3406.630856219709	3430.5815831987074	3460.5904298459045	3490.733549959383	3505.486618004866	3521.774089068826	3508.9019292604503	3497.4076433121018	3472.8517350157726	3458.8410700236036	3439.724569640063	3434.178039215686
	3336.469650986343	3283.6768060836503	3245.5910129474487	3213.6869300911853	3219.445718654434	3228.6015384615384	3222.8917050691243	3223.247501921599	3239.4102167182664	3263.27265625	3281.274586939418	3305.4162033359808	3316.2470119521913	3323.268740031898	3345.682985553772	3369.039548022599	3383.099033816425	3411.588996763754	3434.118218623482	3462.12987012987	3481.002433090024	3491.8431689571544	3520.9545454545455	3506.5877616747184	3494.6201117318437	3465.1970055161546	3453.211644374508	3444.8108747044917	3436.8670338316288
	3347.6618650492796	3284.444696969697	3240.07803030303	3211.7871212121213	3216.8947368421054	3220.6209800918837	3218.9019157088123	3219.9923254029163	3233.4447876447875	3246.395655546936	3274.5902668759813	3304.277204130262	3314.4490445859874	3320.3824701195217	3342.459502806736	3362.658085277554	3377.2692926045015	3398.6070853462156	3437.426601784266	3458.502435064935	3479.809910641755	3489.1726094003243	3501.7092084006463	3506.4319097502016	3491.4128	3469.4726407613007	3463.469889064976	3446.109090909091	3441.1728492501975
	3357.7551175132676	3289.1875945537067	3243.3118849356547	3213.405303030303	3204.968109339408	3210.916857360793	3203.6473724295506	3213.7243491577337	3221.142966948501	3235.7161639597834	3263.247068021892	3292.1731225296444	3304.8714285714286	3315.7398568019094	3334.959232613909	3359.290192926045	3367.6685348278625	3393.5610932475884	3423.023387096774	3458.076360682372	3478.3176279447603	3479.9668284789645	3498.480194017785	3495.7156626506026	3482.0207336523126	3468.4653937947496	3451.676935229068	3437.787066246057	3422.760596546311
	3365.6477272727275	3296.9530658591975	3246.8009084027253	3216.860500379075	3203.8443432042523	3213.72247706422	3205.0404271548437	3210.3420045906655	3221.9953846153844	3229.1673091750195	3253.6518691588785	3289.4403162055337	3300.851822503962	3307.1714285714284	3328.5247603833864	3345.373098478783	3360.404952076677	3388.765650080257	3422.9451612903226	3438.4544721998386	3448.6971887550203	3469.673387096774	3480.1288244766506	3484.147106109325	3476.0367412140577	3461.9269841269843	3453.701587301587	3436.286840031521	3421.1447678992918
	3375.9598180439725	3304.144696969697	3252.0916666666667	3219.64339908953	3205.4650455927053	3205.0007621951218	3205.2584097859326	3205.433486238532	3223.905936777178	3226.905936777178	3250.904205607477	3272.5117739403454	3288.8192580899763	3296.263823064771	3316.766481334392	3330.2368839427663	3355.4281150159745	3390.418006430868	3424.54567502021	3437.758870967742	3452.189516129032	3469.201612903226	3482.4612277867527	3483.441935483871	3478.249598715891	3465.7132587859423	3455.277645186953	3440.8921490880252	3421.170731707317
	3378.630780894617	3308.492039423806	3254.460955269143	3223.199848024316	3206.80898021309	3208.159663865546	3205.5504587155965	3210.1458173445894	3218.7280431432973	3234.280620155039	3246.384136858476	3268.513725490196	3288.225552050473	3291.2624113475176	3307.7660079051384	3320.6896278701506	3333.0537974683543	3382.5240384615386	3415.664516129032	3425.017670682731	3452.9176755447943	3471.3996763754044	3482.7281553398057	3474.0224538893344	3462.6674660271783	3448.7505957108815	3450.7221337579617	3429.522906793049	3427.84414556962
	3375.0363636363636	3306.191811978772	3255.8238420653	3221.022036474164	3208.626524390244	3210.428790199081	3205.3162327718223	3212.813220599539	3217.7124132613726	3231.5879163439195	3242.9300155520996	3273.708103855232	3274.1695447409734	3276.578369905956	3313.3465503568596	3326.4392374900713	3354.3099041533546	3371.338658146965	3390.114217252396	3424.0120578778137	3438.6208835341367	3477.4630381803413	3479.2184466019417	3475.2417405318292	3463.2730184147317	3465.608974358974	3461.1258012820513	3454.685051958433	3453.8584
	3368.97803030303	3300.7361637604245	3249.3361153262517	3214.834472285497	3198.1908745247147	3207.746165644172	3205.631619339985	3222.0201082753288	3211.462249614792	3220.7210200927357	3243.936037441498	3252.9109375	3268.2737254901963	3282.164437450826	3311.203013481364	3322.1428571428573	3350.810853950519	3380.3571428571427	3400.0724054706357	3422.4931506849316	3438.9565217391305	3465.4121457489878	3482.9333874898457	3490.8652597402597	3482.8406148867316	3488.2603406326034	3492.2934959349595	3504.677287581699	3485.815896188159
	3361.3431818181816	3291.4708554125664	3241.403787878788	3212.1901140684413	3192.0700152207	3200.417498081351	3217.2443928847642	3224.577967416602	3220.6984496124032	3231.971183800623	3253.215070643642	3271.2503949447078	3273.2342271293373	3272.2462745098037	3305.2250396196514	3322.720413026211	3347.512370311253	3384.2206119162643	3406.5513338722717	3422.3066989507665	3437.168548387097	3469.839024390244	3480.12012987013	3492.153658536585	3492.26688364524	3506.219312602291	3496.4014657980456	3517.579769736842	3514.7255546425636
	3354.8528072837635	3287.0576631259482	3234.6573161485976	3203.906534954407	3189.4088482074753	3188.8041315990818	3197.6805234795997	3212.4368706429123	3225.015600624025	3225.558411214953	3239.9953051643192	3257.8670338316288	3267.5338582677164	3287.1321202531644	3307.6136724960256	3336.287429943955	3355.481540930979	3387.663702506063	3403.4971705739695	3427.787854251012	3451.89837398374	3475.497549019608	3484.1633986928105	3484.740439381611	3491.7985318107667	3499.720588235294	3498.1191836734693	3521.982687551525	3533.6812913907283
	3339.846853677028	3276.040940106141	3226.7769347496205	3195.740121580547	3178.3409436834095	3172.779725609756	3179.9104134762633	3207.676219984508	3213.2128982128984	3223.0319563522994	3222.67523364486	3251.078616352201	3269.229676400947	3279.563981042654	3306.7836117740653	3340.80658105939	3371.470064724919	3408.1004081632655	3406.5527597402597	3450.259836065574	3475.3067434210525	3487.6513157894738	3483.882063882064	3493.5532786885246	3507.5879934210525	3499.013104013104	3508.16899097621	3495.0073469387753	3516.059210526316
	3321.5333333333333	3257.8296744890235	3209.9220287660864	3181.3464746019713	3167.584346504559	3158.154255319149	3168.2996941896026	3186.61093990755	3197.642414860681	3192.4285714285716	3221.367681498829	3244.2230950510607	3259.4436564223797	3290.9674085850556	3312.317637669593	3350.483064516129	3379.940698619009	3405.2685714285712	3425.29705400982	3455.894563426689	3471.445267489712	3485.6057613168723	3489.4346754313888	3504.2440230832644	3517.1836228287843	3522.049627791563	3516.755152514427	3504.885151763741	3520.3358024691356
	3302.8668683812407	3243.679788039364	3202.600151745068	3178.538403041825	3156.642369020501	3151.502661596958	3165.206130268199	3179.25366229761	3185.131375579598	3184.6687258687257	3207.3719844357975	3223.37421875	3244.3540031397174	3284.3139904610493	3311.7389911929545	3346.216303470541	3367.8354943273907	3401.3646770237124	3433.1218106995884	3465.205468102734	3475.4507857733665	3496.9734439834024	3494.034682080925	3515.1918604651164	3529.58798999166	3530.9349457881567	3536.1925	3550.5589958158994	3549.9258333333332
	3286.685087055261	3228.309613928842	3191.2306525037934	3165.1518602885344	3150.0949848024316	3148.748475609756	3156.776245210728	3163.621060722521	3169.2072419106316	3168.963048498845	3195.802641802642	3217.1094605160283	3240.5919811320755	3292.1664	3317.9460547504027	3344.9303643724697	3376.5301794453508	3411.018930041152	3430.883663366337	3463.33748960931	3471.5199004975125	3495.690258118235	3498.2126245847176	3507.752285951787	3529.3973176865047	3537.1366303436716	3545.973154362416	3551.828020134228	3566.027777777778
	3283.370257966616	3225.244309559939	3189.22602739726	3166.340701219512	3145.5847908745245	3153.0803981623276	3165.360832690825	3165.7833461835003	3166.010023130301	3164.4676425269645	3189.080808080808	3212.9694835680752	3245.2093206951026	3285.3522818254605	3322.798380566802	3352.6305057096247	3382.6729663106	3417.1708126036483	3430.976801988401	3465.908939014202	3482.5293132328306	3494.561506276151	3506.283082077052	3514.7927852348994	3520.0025146689018	3533.6672268907564	3543.145745577085	3546.811606391926	3569.0491109229465
	3289.064024390244	3224.513307984791	3188.562595419847	3171.8452107279695	3151.7928134556573	3151.463190184049	3161.21434078643	3164.7272024729523	3162.742283950617	3166.542503863988	3190.7279812938427	3221.121951219512	3253.5476190476193	3279.7822257806247	3305.799193548387	3354.86895986896	3374.0986842105262	3401.4747725392886	3431.421315570358	3457.0979079497906	3479.63811922754	3496.1135407905804	3497.858340318525	3509.6151260504203	3531.679085520745	3540.064406779661	3551.7161016949153	3562.038232795242	3584.0282776349613
	3293.838561591431	3228.4114503816795	3192.4605363984674	3169.9869531849577	3153.3895705521472	3150.0453149001537	3158.6574074074074	3155.053199691596	3161.1035548686245	3169.4100775193797	3189.6365054602184	3216.5806451612902	3246.0079365079364	3258.5493630573246	3298.409677419355	3339.404411764706	3368.4159802306426	3401.4335548172758	3424.2201834862385	3447.884422110553	3468.79243697479	3486.358347386172	3497.570464135021	3520.9625850340135	3541.0692307692307	3553.4015410958905	3555.793339026473	3577.9648068669526	3580.053264604811
	3294.4980842911878	3228.9954093343536	3191.5709900230236	3158.831546707504	3151.8894009216588	3147.4043043812453	3156.07722007722	3154.054783950617	3166.291698991466	3171.4444444444443	3179.4498054474707	3223.1810276679844	3222.0347003154575	3240.692551505547	3301.084142394822	3350.977759472817	3358.8526748971194	3388.2821576763486	3412.0308590492077	3439.9446308724832	3460.1086773378265	3484.139712108383	3506.428327645051	3526.654077253219	3538.9785038693035	3556.5754961173425	3568.2424503882658	3574.588793103448	3579.224612736661
