555.366112    2.578686    
556.061856    2.839704    
558.162921    2.063970    
559.770099    2.360801    
560.409226    2.260710    
563.287340    1.828320    
565.535714    3.258036    
570.061856    2.429992    
573.493569    1.787539    
576.918367    2.323381    
583.064000    4.164601    
605.838000    59.524716    
597.206226    21.643204    
603.124771    3.177766    
611.772296    2.452848    
617.454139    3.829945    
762.177340    225.318785    
634.716463    1.546663    
645.875839    2.445655    
654.660000    2.165887    
854.231164    338.029543    
669.846523    3.044899    
690.570896    70.838887    
677.609329    2.355844    
680.795213    2.593584    
682.338279    2.485230    
692.068548    4.646293    
698.384615    2.122238    
700.994475    4.759402    
706.239884    3.187353    
712.136937    4.828144    
721.473064    6.289330    
729.388797    4.483586    
732.300330    5.739007    
737.817330    6.272827    
741.748571    4.639132    
754.085020    7.149705    
778.815909    100.096704    
804.452381    137.366751    
782.227700    78.829210    
786.005831    4.117087    
792.723176    6.317305    
794.821218    4.791268    
801.352362    6.256639    
804.809174    5.470212    
822.536673    8.060926    
829.266504    5.627811    
833.772532    6.904295    
833.104247    5.961973    
848.183938    7.143231    
856.481416    7.787789    
861.483101    5.550349    
868.288416    5.343699    
873.701754    4.786216    
877.930921    5.079159    
889.833073    6.566727    
893.032984    6.217120    
903.276878    5.201669    
908.708703    4.991329    
912.017241    5.276792    
916.251920    5.095506    
921.413592    3.608755    
932.259197    6.138701    
940.746269    7.502590    
951.428571    6.854809    
953.680261    5.763888    
957.785075    6.119586    
962.925980    5.773070    
966.637771    5.361143    
969.728296    5.240683    
976.245083    8.159371    
993.200301    12.920421    
1003.921516    7.050509    
1005.736486    6.215675    
1003.501362    10.260337    
1007.281106    6.126365    
1011.267647    8.779596    
1011.357945    10.526522    
1014.770408    9.849031    
1012.603211    7.958372    
1029.586826    15.418285    
1036.760536    14.739570    
1053.156522    6.317573    
1057.463235    6.294849    
1058.401786    15.651141    
1062.352212    12.314817    
1068.704947    7.599485    
1078.109228    12.866083    
1077.964516    9.649438    
1084.157971    16.475268    
1099.922266    18.239745    
1100.381250    15.827339    
1113.439623    8.373202    
1122.507353    11.062487    
1126.610619    9.043879    
1128.630178    11.463445    
1138.042088    12.245521    
1147.533333    14.806352    
1147.127753    13.402275    
1154.602210    19.206404    
1176.476190    15.554090    
1184.604900    10.592411    
1191.657581    20.750082    
1205.458042    14.269386    
1194.797619    8.613603    
1205.486842    24.006422    
1218.954089    17.531874    
1234.757692    15.436022    
1240.474026    17.847550    
1386.118590    381.124663    
1249.955665    17.844328    
1260.077236    12.320615    
1276.800539    16.260119    
1284.001667    35.192400    
1289.088989    15.007879    
1294.485190    14.275206    
1301.715633    10.108908    
1312.408108    27.815579    
1317.163030    20.507186    
1318.483923    18.009525    
1347.074841    16.735079    
1352.019157    20.706201    
1351.096401    11.468061    
1357.812665    19.784372    
1363.035760    20.550377    
1367.939898    30.899602    
1370.937904    12.514675    
1375.428021    18.540460    
1387.889610    17.137777    
1397.666667    26.711883    
1412.274740    15.413022    
1438.621151    37.686010    
1433.790281    30.669336    
1442.636015    30.386889    
1454.259843    19.934096    
1459.648787    30.201165    
1465.556833    24.079032    
1465.229885    18.416864    
1448.389182    51.438287    
1461.803089    17.838214    
1479.696615    15.975743    
1473.431347    19.811069    
1489.675746    19.129192    
1491.087353    20.553271    
1484.035019    20.760510    
1516.247119    21.305152    
1526.274968    45.948425    
1498.370370    26.444056    
1551.151980    23.981499    
1553.400773    29.872029    
1545.952733    17.910845    
1562.807692    32.282232    
1559.953668    45.562555    
1588.275862    26.303539    
1569.829819    40.176189    
1625.311938    24.277207    
1621.610608    20.264352    
1627.847411    35.227190    
1621.080311    51.127685    
1629.715714    31.430114    
1646.604878    25.683217    
1644.221066    24.353124    
1649.364221    36.829111    
1680.852480    28.059484    
1646.397039    38.090879    
1635.238903    36.807687    
1716.001294    42.122887    
1724.828387    76.201974    
1723.356183    91.759508    
1749.782609    48.026596    
1721.319588    37.296782    
1728.183908    35.546482    
1762.762467    43.447860    
1774.191571    48.403968    
1749.422733    37.877417    
1794.128991    50.787011    
1798.801040    75.125647    
1792.315930    73.568493    
1782.783926    31.026075    
1778.488467    46.677946    
1811.640827    53.482690    
1846.362534    49.210225    
1823.247119    68.688475    
1825.391509    33.339909    
1873.899563    76.725091    
1872.459079    43.000538    
1933.997416    60.187262    
1890.292479    27.745525    
1911.617568    47.088140    
1923.425258    36.801986    
1929.886335    31.150827    
1937.297668    73.341343    
1922.121984    28.270996    
1967.053640    57.187953    
1966.729519    38.664570    
1987.023377    44.963096    
2007.605364    40.175653    
1956.415070    26.653447    
1982.659751    47.264628    
2011.836340    33.832140    
2027.892720    43.879362    
2056.304348    41.356932    
2054.303430    31.827790    
2083.383812    35.229297    
2060.263091    64.564835    
2072.468919    57.411533    
2087.089725    17.856983    
2119.759898    53.775453    
2133.122605    42.817893    
2094.329502    47.012009    
2125.848912    41.440765    
2124.647510    33.083368    
2157.036176    43.273229    
2150.984674    44.108594    
2150.293742    52.890528    
2141.808429    39.272719    
2168.882503    26.731941    
2200.780332    44.236913    
2130.099617    60.722241    
2220.690411    57.687396    
2210.171504    66.679932    
2233.738186    54.162866    
2217.162634    44.345529    
2256.865900    54.343815    
2319.491699    64.011530    
2278.703846    53.257870    
2247.662835    62.222616    
2323.656250    77.248831    
2371.660281    77.798259    
2602.328982    500.568704    
2491.386189    202.717779    
2270.063361    56.316905    
2335.348659    81.826763    
2436.206897    83.898927    
2375.661558    57.541138    
2479.788752    117.633067    
2422.014085    76.056577    
2435.693095    81.887706    
2414.003846    77.217284    
2344.979566    87.695104    
3053.417840    1119.356210    
2957.831224    1201.438597    
2977.291156    955.635339    
2753.323572    711.126530    
2681.309305    498.638754    
2509.956410    139.826993    
2372.677588    108.964582    
2512.764089    191.660706    
2601.646675    286.064688    
2585.532723    218.134416    
2536.527671    178.160700    
2564.337165    186.682501    
2551.186462    134.679331    
2543.374202    116.492949    
2542.435897    123.715336    
2567.240102    124.330097    
2605.735632    166.034188    
2526.356322    97.172922    
2600.217114    236.819796    
2637.167305    263.259302    
2697.125320    225.483305    
2737.888889    241.724845    
2734.389527    348.067528    
2676.523627    224.325472    
2586.251596    149.272204    
2717.538953    117.465783    
2778.314176    236.460875    
2823.749681    319.868513    
2745.766284    197.750776    
2878.252874    242.758209    
2833.831418    227.372919    
2898.636829    291.940402    
2907.314578    330.985849    
2927.126437    320.027654    
2995.019157    230.321661    
2981.609195    293.612159    
3044.030651    333.775433    
2954.946360    296.556555    
2998.099617    412.793607    
3009.632992    451.696965    
3041.207959    451.098713    
3048.205619    336.821500    
3078.887612    275.692293    
3124.519796    337.853950    
3108.595147    422.702569    
3018.603581    321.230214    
3164.892720    416.870514    
3051.846743    430.911801    
3167.725415    545.881286    
3148.505747    389.004686    
3183.298450    481.196367    
3127.542894    335.810888    
3124.459770    457.438837    
3154.122605    309.889677    
3182.226054    269.295863    
3171.365262    399.825204    
3211.406130    346.232488    
3048.878672    133.265382    
3059.997446    158.363042    
3178.257982    402.443069    
3460.001277    514.458682    
3116.233716    228.564732    
3236.716475    276.978684    
3248.959132    307.638429    
3359.886335    314.330225    
3131.885057    296.619867    
3264.920817    198.582580    
3491.726692    509.266314    
3441.130268    360.165484    
3369.567050    334.797192    
3310.770115    300.218657    
3280.625798    192.817092    
3317.080460    280.043410    
3391.140485    375.129983    
3430.408685    342.668081    
3491.734355    365.427786    
3468.749681    344.234069    
3444.584930    277.823529    
3442.625798    279.829850    
3425.031928    267.691837    
3489.868455    286.504943    
3506.194125    291.058768    
3515.103448    253.955061    
3512.840358    223.284792    
3424.734355    196.805908    
3419.535121    216.708292    
3391.786718    193.557511    
3302.526181    120.331912    
3714.835249    342.685771    
3734.954023    388.602175    
3681.280971    362.746199    
3471.371648    186.255146    
3537.639847    375.963828    
3676.827586    431.912879    
3530.328225    243.726756    
3442.985951    167.424205    
3442.440613    193.025012    
3580.019157    226.418821    
3731.865900    193.564405    
3747.592593    233.195058    
3667.367816    392.797479    
3760.164751    379.555221    
3874.467433    355.152008    
3786.988506    362.184773    
3779.014066    378.624322    
3741.715198    230.658476    
3603.003831    175.753023    
3746.338442    194.108932    
3958.062580    296.649610    
3852.149616    324.044532    
3752.756066    234.983216    
3690.819923    190.512181    
3633.550447    149.224542    
3815.478927    181.265191    
4154.637292    437.931372    
3809.222222    327.248909    
3838.263091    258.632907    
3764.837803    271.847105    
3874.463602    346.343485    
3786.293742    193.150939    
4126.854406    277.231140    
4161.349936    387.556837    
3786.961686    201.431140    
3727.791826    197.955860    
3848.102171    177.729018    
3818.670498    201.426011    
3742.831418    157.526287    
3815.994891    141.814090    
4146.587484    328.250352    
4062.237548    317.088084    
3848.927203    234.810445    
3824.076628    140.095258    
3796.883780    152.266874    
3974.745849    257.678134    
4034.335888    319.964168    
3918.261814    170.828749    
3958.123883    236.570303    
3924.421456    189.431923    
4066.481481    307.110360    
4225.629630    269.768092    
3996.394636    173.003839    
4016.590038    221.744337    
4131.694764    338.957383    
4153.012771    245.837469    
4096.098340    241.468209    
4297.798212    374.903581    
4322.320562    340.115638    
4376.826309    367.317591    
4367.084291    530.101379    
4496.946360    443.138228    
4194.558110    308.713131    
4085.836526    230.878546    
3907.270754    153.379631    
3881.455939    152.576469    
4116.260536    116.915514    
4251.781609    318.872734    
4260.763729    431.216648    
4092.579821    176.131013    
4085.395913    231.690250    
4044.833972    132.477090    
4193.148148    232.201043    
4290.158365    273.440887    
4184.694764    261.919221    
4213.809706    280.900542    
4200.429119    294.039688    
4194.347382    263.494358    
4211.482759    189.659396    
4436.931034    302.704865    
4241.214559    184.865876    
4290.378033    242.253680    
4372.864623    271.712890    
4239.083014    154.339161    
4411.550447    177.073225    
4397.904215    142.365438    
4246.910600    260.583773    
4382.028097    252.813399    
4527.515964    253.524221    
4552.549170    245.504037    
4437.058748    230.852984    
4426.269476    324.397227    
4420.098340    275.138543    
4437.860792    273.482797    
4378.033206    181.819192    
4588.030651    219.083355    
4649.441890    363.146300    
4757.670498    390.293849    
4532.856960    332.309074    
4691.527458    320.836521    
4666.490421    297.734347    
4586.075351    258.890679    
4432.118774    82.728502    
4832.328225    499.323285    
4550.973180    254.327246    
4420.241379    101.459574    
4618.084291    209.197764    
4573.118774    156.858397    
4828.324393    283.736624    
4608.765006    202.673947    
4632.352490    245.808621    
4688.892720    255.092764    
4671.499361    247.710156    
4677.692209    172.793312    
4644.526181    204.349109    
4778.937420    232.928039    
4591.508301    117.282250    
4728.343550    157.282042    
4656.740741    121.409698    
4754.185185    195.496545    
4761.597701    187.177920    
4705.300128    140.087194    
4783.217114    162.810254    
4876.761175    195.588754    
4802.716475    126.277933    
4895.141762    172.446320    
4793.749681    118.497096    
4832.482759    231.043984    
4754.864623    122.620169    
4848.802043    166.572365    
4780.530013    156.162027    
4875.871009    192.222778    
4840.747126    136.060050    
4745.914432    135.423480    
4697.854406    104.286957    
4774.266922    115.894253    
4832.490421    136.724367    
4805.263091    117.149084    
4955.725415    199.995836    
4887.757344    163.898381    
4939.936143    130.516357    
5024.701149    146.518307    
4937.856960    119.959380    
4766.680715    178.686138    
4914.402299    169.281089    
4940.084291    127.644434    
5031.021711    93.829841    
4997.503193    130.095101    
5023.544061    137.699889    
4953.796935    134.083478    
4899.662835    177.173094    
4957.208174    159.312231    
5047.863346    212.250769    
5097.330779    130.576085    
5126.787995    107.229411    
5042.358876    95.327493    
5259.896552    120.229254    
5054.356322    90.585365    
5002.403576    134.777440    
5110.984674    208.243214    
5183.444444    321.879818    
5131.833972    96.002983    
5117.587484    210.587822    
4977.407407    166.398401    
5317.621967    315.665152    
5366.725415    368.598259    
5243.920817    226.653992    
5313.920817    281.365656    
5159.257982    136.314113    
5156.409962    180.223033    
5188.120051    161.935005    
5214.040868    279.148895    
5289.905492    274.822211    
5187.938697    162.895994    
5139.685824    229.193546    
5102.112388    207.053772    
5373.936143    179.631142    
5515.526181    162.242354    
5225.628352    255.709897    
5550.564496    390.664019    
5256.920817    335.886823    
5459.060026    342.566827    
5377.670498    380.501754    
5620.431673    364.600469    
5472.201788    399.282150    
5575.512133    418.520974    
5349.767561    263.544451    
5726.194125    527.067378    
5315.854406    272.262362    
5353.250319    205.492322    
5403.710089    190.949236    
5578.394636    240.974912    
5669.605364    287.589176    
5609.113665    277.828606    
5401.432950    243.619200    
5500.430396    214.183137    
5519.556833    249.094552    
5852.088123    265.099405    
5573.298851    320.289520    
5611.131545    437.889405    
5655.782886    329.866630    
5607.008940    281.230095    
5626.339719    184.714061    
5620.657727    247.721119    
5906.845466    331.635647    
5671.074074    242.866812    
5863.458493    326.539490    
5739.275862    271.994132    
5693.311622    374.012942    
5773.733078    318.895262    
5732.351213    347.940899    
5707.670498    314.925293    
5788.043423    252.249827    
5827.913155    275.375592    
5714.164751    295.528995    
5759.777778    242.459554    
5857.787995    274.880076    
5906.468710    252.758015    
5640.093231    290.504028    
5843.079183    250.630075    
5978.730524    293.101075    
5760.181354    220.840223    
6045.136654    327.951777    
5937.140485    309.638879    
5939.586207    282.857789    
5836.187739    218.161257    
5910.283525    288.542311    
5852.074074    284.574428    
5869.593870    218.437107    
5946.282248    246.956288    
5925.413793    266.178250    
5984.472542    225.428830    
6047.326948    222.936098    
5997.067688    253.622298    
5947.146871    266.764039    
5948.420179    265.667027    
5937.352490    230.489547    
6090.855683    313.988104    
6014.867178    354.360810    
5951.712644    408.302558    
5854.690932    380.425800    
5920.326948    250.023703    
5927.296296    384.893569    
5980.932312    337.487583    
6007.233716    282.458212    
6150.653895    276.991000    
6049.584930    316.261883    
6035.971903    349.645676    
6211.508301    295.925161    
6181.681992    240.547114    
6067.496807    273.484198    
6054.818646    300.886112    
5919.684547    466.440467    
6146.090677    260.471668    
6161.687101    319.547845    
6031.085568    331.238389    
6319.692209    275.005893    
6008.255428    369.303222    
6014.374202    296.618674    
6149.979566    416.117259    
6101.397190    284.335773    
6220.325670    347.548852    
6271.850575    274.832413    
6201.153257    261.239759    
6220.659004    319.132104    
6314.796935    413.031392    
6178.412516    340.698156    
6273.421456    290.045112    
6159.564496    323.894994    
6254.214559    459.346682    
6113.167305    311.638649    
6224.517241    315.790196    
6160.366539    336.371161    
6190.412516    336.330179    
6142.607918    309.412187    
6250.095785    431.223976    
6391.455939    455.410676    
6034.099617    439.113760    
6087.486590    440.671463    
6412.567050    317.126889    
6151.910600    341.601748    
6204.209451    331.396229    
6367.782886    394.806445    
6336.185185    349.181400    
6209.936143    408.276458    
6137.839080    330.162690    
6249.095785    339.929675    
6223.992337    341.880589    
6369.619413    299.595343    
6362.874840    278.744663    
6147.726692    429.249176    
6242.398467    315.580128    
6273.005109    414.300589    
6299.195402    310.463858    
6329.840358    366.241894    
6163.665390    420.039392    
6211.951469    359.156053    
6286.449553    406.122351    
6263.158365    362.032919    
6266.888889    351.554798    
6253.727969    294.668710    
6424.662835    382.845191    
6208.592593    321.953546    
6204.256705    383.638332    
6488.255428    529.112555    
6458.830140    425.556113    
6375.575990    279.293680    
6300.017880    378.518021    
6272.929757    399.583652    
6067.180077    357.525885    
6114.416347    322.306527    
6094.144317    395.731066    
6025.558110    367.840696    
6128.793103    407.546521    
6018.694764    457.919865    
5920.031928    344.364549    
6095.251596    384.034460    
6460.379310    581.704693    
6199.743295    453.690697    
6185.941252    451.988604    
6126.181354    316.522791    
6189.085568    294.518763    
5961.030651    275.585658    
6131.180077    326.484877    
6201.162197    445.128171    
6287.899106    438.036060    
6311.284802    293.080554    
6138.572158    318.238065    
6049.471264    358.555262    
6109.186462    347.937383    
6123.733078    396.128085    
6039.218391    310.833124    
6141.618135    268.699262    
6143.191571    206.454988    
5967.301405    238.342678    
5962.666667    351.725903    
6165.761175    227.320418    
6177.819923    397.739063    
6106.297573    293.474051    
6133.111111    269.453179    
5988.757344    394.613356    
6029.025543    424.842742    
6017.656450    359.998997    
6251.587484    325.255891    
6130.296296    498.533002    
6159.874840    327.626282    
6030.061303    230.007888    
5898.706258    436.307598    
5801.968072    248.755365    
5859.879949    245.332403    
5770.302682    270.828975    
5669.127714    342.669651    
5896.232439    303.485288    
5844.010217    240.920801    
5750.991060    291.871963    
5849.517241    291.313276    
5897.561941    313.909865    
5818.089400    193.922559    
5998.702427    205.001647    
5854.864623    192.086127    
5779.376756    195.687823    
5835.796935    297.249577    
6049.892720    218.414457    
5730.666667    260.662448    
5806.624521    185.170018    
5931.031928    179.563307    
5773.994891    197.171875    
5624.579821    215.835851    
5750.316731    216.504907    
5881.902937    271.900836    
5766.233716    189.091875    
5924.886335    421.893468    
5803.376756    222.119024    
5777.587484    256.830464    
5678.886335    206.048925    
5761.475096    196.836336    
5425.457216    179.628382    
5594.893997    213.277328    
5523.360153    178.277176    
5493.183908    303.442601    
5567.268199    262.364418    
5581.582375    258.285769    
5541.234994    205.916903    
5459.074074    235.798179    
5451.977011    201.187863    
5222.742018    200.599516    
5465.030651    195.672920    
5371.597701    194.810299    
5380.578544    202.350558    
5357.812261    220.639629    
5559.333333    192.904611    
5453.329502    361.468929    
5290.518519    159.147921    
5526.486590    140.849492    
5447.001277    196.257172    
5400.725415    226.152103    
5300.694764    185.194765    
5375.081737    183.775533    
5316.750958    246.893404    
5324.176245    199.484424    
5435.969349    214.230678    
5355.528736    201.256586    
5281.444444    148.745719    
5325.865900    204.472130    
5470.957854    257.950626    
5256.446999    224.980832    
5313.407407    214.353687    
5230.937420    221.868047    
5201.212005    281.697515    
5250.232439    131.588952    
5110.434227    185.910381    
5133.701149    94.005815    
5105.950192    119.134668    
5257.172414    249.063205    
5198.363985    215.850284    
5222.093231    242.099085    
5105.863346    269.314295    
5070.623244    116.181838    
5052.201788    212.772509    
5127.098340    158.593400    
5332.773946    184.786698    
5067.332056    193.304561    
5084.706258    151.345546    
5103.094508    186.446603    
5163.444444    190.798066    
4988.113665    208.788566    
5046.435504    174.437364    
5084.367816    220.961998    
4965.394636    134.245762    
4953.968072    123.317283    
4941.609195    171.739714    
4918.017880    151.055840    
4881.507024    84.994746    
4912.436782    130.488015    
4931.166028    151.919151    
4841.833972    175.000618    
5007.315453    275.686750    
4806.581098    197.161066    
4969.544061    168.862985    
5004.508301    206.986496    
4829.340996    154.195461    
4766.353768    130.303894    
4844.545338    153.405506    
4889.533844    122.612988    
4700.390805    173.056906    
4814.116220    150.809397    
4756.380587    151.751412    
4741.440613    129.951455    
4851.910600    169.327947    
4879.154534    101.897391    
4855.298851    220.142767    
4941.547893    227.920238    
4897.195402    172.067976    
4746.394636    127.983322    
4846.816092    209.068950    
4901.808429    168.994484    
4847.634738    172.788909    
4767.272031    153.367925    
4807.038314    193.855909    
4667.991060    188.949407    
4759.315453    207.464223    
4707.432950    144.985798    
4675.822478    179.371823    
4692.220945    121.870232    
4745.509579    152.564153    
4777.167305    174.355185    
4666.137931    112.344009    
4805.628352    151.107207    
4763.657727    179.769550    
4718.228608    175.628410    
4726.787995    213.638153    
4743.369093    156.092992    
4769.908046    174.001635    
4689.719029    142.814539    
4684.473819    104.541859    
4747.260536    180.175241    
4759.810983    157.336402    
4625.480204    211.041822    
4519.540230    166.454019    
4588.487867    123.382209    
4523.683269    247.140622    
4658.765006    154.195630    
4553.897829    152.763416    
4726.629630    195.070896    
4600.945083    236.557448    
4574.176245    130.985779    
4448.071520    109.459674    
4597.409962    140.156751    
4677.908046    215.131696    
4509.740741    162.732197    
4641.699872    227.983263    
4545.467433    244.286149    
4476.537676    226.362588    
4477.869732    181.395895    
4580.164751    240.190069    
4539.823755    142.256265    
4600.577267    288.720698    
4568.661558    147.895330    
4407.450830    165.841967    
4568.378033    146.425778    
4661.864623    222.741148    
4582.568327    261.042893    
4473.698595    221.227006    
4319.923372    129.530587    
4415.522350    171.944017    
4500.360153    166.594898    
4463.431673    190.516922    
4409.527458    234.816668    
4198.449553    231.911656    
4336.402299    184.797208    
4352.291188    181.894379    
4215.877395    137.494346    
4376.620690    210.671051    
4323.190294    189.947747    
4329.229885    191.007474    
4309.332056    137.296631    
4208.068966    162.657160    
4169.670498    134.594699    
4193.542784    119.053356    
4220.139208    254.657790    
4267.449553    188.564469    
4129.024266    141.507242    
4102.222222    200.085388    
4237.374202    239.230256    
4024.016603    77.411696    
4037.966794    79.227425    
4196.237548    113.196445    
4091.871009    150.991284    
4116.946360    189.757154    
4179.657727    216.995678    
4061.882503    114.598077    
4095.688378    210.827173    
4134.463602    188.022731    
3956.950192    198.872560    
4091.274585    190.731187    
3989.541507    127.750027    
4004.093231    151.112318    
4033.226054    97.252532    
4002.449553    101.230739    
3925.432950    90.076115    
3884.219668    156.114484    
4032.616858    155.214082    
4141.190294    173.843651    
4054.796935    115.932725    
3979.094508    118.599593    
3933.108557    127.405828    
3880.399745    86.295476    
3851.932312    92.590209    
3865.956577    109.477375    
3904.840358    79.151544    
3977.997446    130.778570    
3892.337165    100.138837    
3943.514687    168.406572    
3983.877395    103.888560    
3842.591315    120.273513    
3917.229885    148.250404    
3844.385696    128.696131    
3842.284802    112.679268    
3871.850575    103.742174    
3846.297573    143.601272    
3876.399745    160.086375    
3858.011494    134.154211    
3821.208174    127.280791    
3845.594629    167.453274    
3884.034483    283.119672    
3776.550447    197.070732    
3805.996169    165.518555    
3708.945083    155.510056    
3780.789272    174.895730    
3786.725415    162.033178    
3722.964240    171.877607    
3772.136654    196.019920    
3715.706258    162.536144    
3836.010217    166.354044    
3727.846743    131.345924    
3854.837803    156.783768    
3773.214559    223.238900    
3724.435504    158.216603    
3662.856960    128.306197    
3624.954023    107.932269    
3482.818646    116.851951    
3653.125160    144.005994    
3564.491699    167.925194    
3691.021711    138.294661    
3481.220945    76.512362    
3657.473819    182.878842    
3567.977011    119.825190    
3485.551724    125.355401    
3546.438059    141.124279    
3458.568327    119.085608    
3502.553001    147.190156    
3388.360153    105.337592    
3403.865900    108.074231    
3546.491699    244.346685    
3610.818646    251.261507    
3462.375479    138.289097    
3369.038314    101.277314    
3427.099744    165.292464    
3405.153257    124.883729    
3438.352490    89.385505    
3468.605634    145.169408    
3350.289911    105.312484    
3319.338442    99.823697    
3400.536398    150.298412    
3498.653895    195.760720    
3450.932312    192.672531    
3374.739464    104.813529    
3358.653895    146.803572    
3465.219668    183.291915    
3372.874840    95.304672    
3371.872286    103.899495    
3422.205619    110.473819    
3409.189017    100.950325    
3379.278416    186.064015    
3239.578544    77.993491    
3261.393359    62.907551    
3259.088123    76.880137    
3270.229885    60.188514    
3272.349936    84.232180    
3290.931034    101.514435    
3322.762452    118.136023    
3240.920817    60.118604    
3351.822478    133.631144    
3303.293742    78.548148    
3240.306513    87.765655    
3271.371648    78.929741    
3195.162197    72.262686    
3202.931613    96.774199    
3239.553273    96.151214    
3209.675607    104.063823    
3236.925926    75.243646    
3196.551724    62.629010    
3184.697318    87.571910    
3253.559387    122.052283    
3355.063857    140.480205    
3297.346105    90.603829    
3181.515964    74.223314    
3141.933589    79.367169    
3199.232439    107.302938    
3210.456410    163.100062    
3078.508301    104.984495    
3084.025543    107.751023    
3066.496164    96.950507    
3059.637292    99.837128    
3218.540230    106.657989    
3281.312420    157.535809    
3248.841635    232.701285    
3189.546616    314.156622    
3050.221354    107.187921    
3006.744246    130.336898    
3170.867439    300.405105    
3144.803170    211.412772    
3157.318414    257.132296    
3081.967363    359.097516    
3084.853129    320.910407    
3018.414322    289.949911    
3046.112388    244.622121    
3042.891599    274.961385    
3024.307791    306.782980    
3038.775223    298.491774    
2960.773946    272.401109    
3095.727969    342.669065    
3187.499361    331.511646    
3249.104725    487.712532    
3024.468710    316.941198    
3017.128991    282.424112    
2997.443022    326.888773    
3195.120735    560.090775    
3080.065134    283.099443    
3156.573643    568.086913    
2987.163474    257.037760    
2934.757344    272.502137    
3001.251596    250.921575    
3072.095785    317.470003    
2842.689655    116.792563    
2702.902883    109.517107    
2862.856960    208.782844    
2881.071520    307.933673    
2823.274585    194.734682    
2709.380952    173.816347    
2739.821201    173.478472    
2778.316731    186.227060    
2751.862516    175.592211    
2655.450521    128.599083    
2700.690932    84.867211    
2942.317949    313.812150    
2940.868455    288.014530    
2841.384419    254.499281    
2855.271100    318.682022    
2796.478149    288.749690    
2741.647510    253.742694    
2821.440613    261.042945    
2758.740741    197.975508    
2616.683269    94.254170    
2641.241645    93.948042    
2616.296248    119.102862    
2580.606641    124.441469    
2678.230474    131.898151    
2685.923372    123.360924    
2595.589217    148.767131    
2839.634615    405.889354    
2669.093710    159.068397    
2654.356955    264.087800    
2533.053640    151.053600    
2483.294654    98.385331    
2574.765006    118.931314    
2559.454311    101.980621    
2466.393359    91.905963    
2602.022989    135.063107    
2544.969349    140.598135    
2464.923404    72.967610    
2451.378033    110.551965    
2648.007802    160.960139    
2494.440154    82.077634    
2383.771392    36.823386    
2520.607918    186.857533    
2455.099872    146.018759    
2457.065385    91.424648    
2396.446292    69.371394    
2348.125485    33.354710    
2307.116580    42.893915    
2429.293742    80.090326    
2416.914432    93.639899    
2445.916986    172.321159    
2287.656812    66.492895    
2288.081737    78.529320    
2347.135377    61.570004    
2421.758003    125.871605    
2337.699198    182.335448    
2363.121328    132.604480    
2286.186462    112.238052    
2383.381074    126.150726    
2372.948953    198.453975    
2314.881290    184.992781    
2364.914839    176.659455    
2274.222938    145.089168    
2271.284251    84.034205    
2265.527671    131.906375    
2204.826478    56.297269    
2272.195876    95.850831    
2249.900388    65.140562    
2202.148148    151.824026    
2217.940337    88.815138    
2199.462725    103.661077    
2209.116220    97.068608    
2214.992337    106.153062    
2217.330779    74.514429    
2098.272848    148.845276    
2141.979681    62.723524    
2184.564875    124.136966    
2140.187739    79.973857    
2116.837803    51.952852    
2125.738796    55.762606    
2148.945479    117.099673    
2099.203585    65.926128    
2084.272977    84.340016    
2178.155200    366.032178    
2254.424077    622.803371    
2058.236573    65.176558    
2076.946154    106.011500    
1970.272031    41.900738    
1959.263533    167.144146    
1961.206461    94.712995    
2008.241379    50.564014    
2018.373711    39.302285    
1997.592124    81.908183    
2235.483731    341.783186    
2022.848703    61.925854    
2008.362708    54.662683    
1964.092664    72.309727    
1963.312224    59.293978    
1952.981308    50.233204    
1974.519280    101.338942    
1971.185539    184.828990    
1911.505882    70.607793    
1904.027062    65.232005    
1896.311622    59.487616    
1893.339719    39.406965    
1886.018277    31.858527    
1857.090323    42.254126    
1894.831186    49.020705    
1836.871009    49.249981    
1834.606641    63.114816    
1794.993506    19.987625    
1826.443734    47.651643    
1827.300512    38.798456    
1823.619413    42.135047    
1815.842377    44.188327    
1820.377238    62.120291    
1784.655928    47.779335    
1794.392082    48.525074    
1788.715762    40.337873    
1743.588387    35.838413    
1737.983333    23.122438    
1735.514687    15.990003    
1752.904215    20.545803    
1762.417625    35.190386    
1740.859558    23.908441    
1753.980029    35.558550    
1714.053073    33.638689    
1670.456437    24.419417    
1679.804376    25.528904    
1661.544371    27.255603    
1661.900383    27.192240    
1646.176319    27.051713    
1639.316731    25.703721    
1642.106684    17.746941    
1636.127877    25.345117    
1618.860792    23.085488    
1600.744572    16.050722    
1601.089744    20.375190    
1598.097436    20.028908    
1585.647287    22.763947    
1579.660622    22.276904    
1573.133676    33.147991    
1563.931964    33.146762    
1531.381865    23.134534    
1518.759898    16.991954    
1527.653009    18.146825    
1503.065134    14.743775    
1490.481481    11.483203    
1488.321705    24.703118    
1482.325459    21.947781    
1478.828758    10.216389    
1474.436528    13.641880    
1460.253230    20.386459    
1450.570142    13.450344    
1454.837803    16.317586    
1441.520779    21.550610    
1442.846649    14.909986    
1411.629344    19.803840    
1416.378082    18.921310    
1399.922368    22.784183    
1397.092568    8.443263    
1384.785326    13.031530    
1373.447958    12.940306    
1379.118890    20.689479    
1368.564982    17.326456    
1355.709474    11.318723    
1352.452703    9.752570    
1341.437831    11.636701    
1349.309668    18.349639    
1320.894947    14.488105    
1313.226667    8.769756    
1301.851900    11.578229    
1297.261669    8.834370    
1288.758089    12.438509    
1276.773371    16.660148    
1264.520107    15.581413    
1260.092125    20.503625    
1255.463351    7.451938    
1253.610193    10.347721    
1229.173047    7.283942    
1212.083893    14.127880    
1214.289552    12.093160    
1196.486919    7.190502    
1186.044444    5.400374    
1181.776892    5.316356    
1173.483914    12.706224    
1160.906736    9.362537    
1147.453836    9.401367    
1139.087696    4.191603    
1127.898108    5.747079    
1123.011568    6.000096    
1108.893229    9.597990    
1108.872881    4.308801    
1085.066838    5.718832    
1092.127742    11.329229    
1078.428755    10.216074    
1076.070243    10.140591    
1066.338442    6.325697    
1056.077612    7.534197    
1049.828035    7.071736    
1032.640489    10.420642    
1020.614731    5.611503    
1012.861789    4.748114    
1014.339719    10.319892    
992.180285    9.034158    
993.760522    6.505718    
990.819225    5.706753    
984.393013    5.339410    
973.668428    5.259925    
966.190850    6.084389    
959.422343    6.998937    
954.356771    3.274794    
954.014157    6.524959    
943.412451    6.859989    
937.854194    4.909572    
933.177522    6.538063    
920.594872    4.641228    
911.238156    5.232091    
906.092568    4.925313    
896.282454    5.479318    
884.228346    5.306890    
872.780029    4.581244    
862.383427    5.852629    
859.364384    2.183084    
850.664418    7.343903    
836.247492    6.625603    
831.266026    6.551796    
824.170692    5.415417    
817.593388    43.632461    
800.717791    4.991722    
793.652303    4.405292    
790.273155    3.069184    
786.646465    3.394826    
773.621488    4.465538    
766.637795    3.543363    
763.425076    3.456994    
757.578947    3.634594    
749.417230    4.691846    
738.548760    4.341194    
739.735465    4.571438    
731.305236    2.099093    
720.546763    4.274776    
709.743182    5.700873    
708.198819    5.223908    
705.824590    3.741708    
708.189017    2.549140    
701.633461    2.701828    
693.241379    2.220702    
687.076923    4.019816    
682.340774    3.647195    
680.403125    2.506864    
677.856145    2.468851    
675.359788    2.278882    
669.236695    4.027740    
661.204638    2.474234    
658.619048    2.381176    
654.007072    2.597182    
648.552068    2.464397    
643.709677    2.848148    
639.588549    1.803186    
637.720827    2.183000    
633.773109    1.455812    
633.800813    2.245658    
630.679783    2.631205    
621.494071    2.792736    
617.977212    1.937569    
616.450139    2.005776    
614.231903    1.648332    
611.710843    2.989840    
607.408192    3.927851    
603.573092    3.018083    
600.145594    2.185930    
594.550447    2.844582    
591.993614    2.279053    
586.429119    2.666144    
581.402299    2.153223    
577.841635    1.586325    
572.613027    1.876026    
568.074646    2.404862    
561.818182    1.668869    
558.883614    2.422190    
555.611195    2.559748    
553.569620    1.605329    
552.524088    1.817535    
549.180534    2.007927    
548.367730    2.784952    
547.826498    2.182854    
547.648686    1.403792    
549.247692    1.803041    
547.913363    1.553684    
546.601266    2.433781    
546.703460    2.010116    
546.404925    1.629139    
548.846591    1.538074    
546.547893    1.215037    
548.485313    2.100776    
548.486556    1.376178    
546.965116    1.931668    
548.080527    1.681251    
544.746291    2.898279    
546.594324    1.804474    
545.886914    2.065989    
546.135747    4.174870    
549.239291    1.276555    
548.371429    1.916787    
547.340040    2.098928    
547.337391    1.961608    
548.961598    3.076106    
551.078987    2.039408    
551.111396    2.199787    
550.938540    2.000336    
551.386703    2.790464    
548.907895    3.052225    
548.115987    2.425510    
548.214481    1.448254    
550.543539    1.526291    
550.406130    1.395509    
550.156410    1.312132    
550.751928    2.262674    
547.908966    1.394567    
548.179032    2.448544    
547.823420    2.573898    
546.692500    2.501588    
