1603.027778    2230.147634    
9851.909091    717.388917    
9138.923077    823.890989    
9190.243902    1030.194785    
8965.236559    595.872747    
9333.047170    1116.402418    
9092.378571    667.042149    
8545.592593    1217.180363    
8530.935065    1000.785371    
9253.938776    801.258542    
9135.542955    931.105521    
9396.432692    981.036334    
9397.414169    973.000868    
9297.892388    1163.450049    
9494.716216    860.043891    
9260.556962    1199.713518    
9045.804511    1041.158283    
9258.222874    1165.647008    
9281.716981    1067.036259    
9582.792570    728.267908    
9333.640845    909.867808    
9184.113772    477.301728    
5112.049180    3553.821842    
9456.641304    612.327235    
3475.585185    3313.928213    
9690.355140    605.373782    
9280.448276    704.355577    
9469.871951    530.721990    
9878.845815    567.273678    
10147.016129    429.509979    
9582.769231    380.306071    
9680.214047    746.917071    
9821.057971    500.952404    
9347.966184    847.698905    
1857.558511    1419.855938    
10027.251142    537.716987    
9914.281879    675.158396    
9874.516529    520.654802    
9941.317460    552.298913    
9854.470270    555.684220    
10235.813278    432.187539    
9809.229607    499.581016    
9780.617747    767.128276    
10094.604790    578.300338    
10108.500000    644.613179    
10194.536585    562.104152    
9346.212644    798.676316    
9813.993289    398.775803    
9308.026316    508.029397    
9533.677966    1110.569032    
9704.146341    1206.303799    
9326.628571    564.323670    
1474.686275    833.583958    
4184.487805    4255.695083    
1220.710526    62.798721    
10193.791667    307.112965    
9632.401786    517.748344    
3205.618182    3868.882747    
9630.384615    405.047868    
1406.918919    151.127721    
nan    nan    
4072.921348    4157.835152    
3516.541667    3690.886753    
10197.753012    437.987586    
10132.559701    491.161440    
9660.140351    914.902419    
9384.031250    1237.768392    
9379.540984    1414.915923    
4590.783505    4162.465495    
10056.250000    583.014081    
9891.928571    2009.081043    
9742.687500    441.011808    
9516.246753    705.684721    
10083.058824    389.483590    
10333.162162    536.378346    
9924.030303    987.276444    
5852.125000    2000.809801    
1791.853659    1167.522811    
8816.559140    783.868151    
3084.704698    3299.444099    
9787.869565    195.499206    
9075.283582    690.241961    
8556.598039    1430.312164    
9357.188272    857.338941    
4494.952941    3327.420538    
9048.425963    1097.204863    
5540.976744    3338.932659    
7874.137363    1225.595764    
8559.174468    904.548722    
8084.674221    1594.796322    
7377.471698    1649.126008    
8995.915254    922.917634    
8000.843478    1341.154866    
9831.934211    454.984769    
8913.668281    900.579942    
8408.594406    894.505761    
6006.848000    4171.073500    
9266.614286    1236.374825    
8723.907790    1146.203719    
8926.137821    1340.869413    
8750.133758    1488.280062    
9106.134571    931.081214    
7764.153465    2544.048562    
6940.214076    1810.999540    
7438.367213    917.124735    
7936.404834    679.190032    
8765.775194    956.393462    
7885.491489    845.785969    
4734.727273    3217.096092    
7679.976247    1466.067283    
8525.422727    1886.353513    
7218.096257    2628.248371    
5755.375281    2523.960068    
9066.069820    817.096421    
8881.012225    746.430241    
8703.544118    1308.827717    
8115.975460    932.855975    
8348.179612    1206.877069    
8694.762774    767.007384    
9372.980000    724.425455    
7887.715447    2288.884935    
7824.575049    2801.286486    
8794.521845    1544.010194    
8911.583133    815.937183    
8039.672872    2098.259564    
8903.852033    1456.444949    
9311.968627    413.550963    
8771.663366    1535.400798    
9602.166384    572.828566    
7240.626894    2817.933446    
8274.642447    1806.504717    
8960.800000    991.022989    
8777.435644    1363.679931    
9284.512027    777.137869    
8580.318872    1191.266325    
8595.450673    1894.135314    
9376.131707    1125.919738    
8605.249467    1020.380693    
7845.056433    2167.152177    
8734.099469    1249.616890    
8492.127273    1655.299770    
8024.247813    2945.369867    
9248.137209    767.215107    
9392.435135    912.564064    
9460.441247    764.750267    
9218.961988    653.981684    
8123.485452    1548.671153    
8813.081395    1125.888540    
9364.589333    1110.581576    
9318.413994    689.298632    
9273.168942    867.551352    
9204.867672    692.143127    
7475.744845    1696.570270    
8605.350671    1664.260450    
8351.149758    1447.570854    
9275.262295    726.426012    
9003.976812    1071.267157    
9046.038860    803.058474    
9043.559036    705.282823    
9088.496689    725.874343    
8450.321343    1343.795311    
9133.138728    579.253195    
8773.970075    1156.464034    
8380.563312    1353.503110    
9284.643979    748.897087    
9271.160920    846.729442    
8744.051414    982.256132    
8418.827397    953.724931    
9435.864322    933.591936    
8764.092257    911.291170    
8300.920540    1320.146337    
8667.547101    1162.046099    
9360.255208    910.832370    
8809.146209    709.552896    
8610.421911    1439.885653    
9744.844241    638.984851    
9241.797578    934.419770    
8963.158571    1244.725850    
9281.254398    921.372760    
9548.420074    887.743780    
9109.489524    697.948579    
9337.087432    944.565314    
9174.850277    748.582652    
9295.040788    958.803198    
9277.613260    783.194548    
9147.379032    1010.654218    
8886.395543    1520.754738    
9414.791304    772.040775    
9230.995733    688.859320    
8709.045521    754.258165    
8855.563851    1100.331139    
9398.215488    845.465716    
9348.614138    698.158494    
9287.695055    708.305758    
9158.021311    818.393996    
9535.919298    789.821612    
8692.952055    1533.027610    
9158.849840    993.136436    
9479.940000    819.606325    
8999.520388    1462.006563    
9151.053191    687.202009    
8067.369397    1939.770682    
8948.605263    1427.306986    
9128.362620    906.225099    
8471.279621    1200.828814    
8509.298456    1098.705363    
9013.868182    776.630000    
8727.148532    997.008182    
9095.035294    1125.496724    
8995.698341    913.600972    
8981.746439    1146.013845    
9077.428571    783.079337    
9780.582437    785.629225    
9620.465318    821.998188    
9392.651408    1346.846437    
9392.757997    1069.410901    
9268.667327    912.884691    
8827.713442    1118.143190    
8990.389253    995.236912    
9515.928105    777.858904    
9790.636010    779.677571    
8939.868952    1186.946372    
9605.489681    905.219793    
9246.347935    930.468037    
9485.784547    957.632885    
9937.694494    739.139913    
9883.960055    769.414322    
8916.392202    1289.938296    
9247.392645    1205.247370    
9344.162832    1020.691927    
9053.341818    1014.349558    
9365.910791    941.094555    
9456.407216    1039.280142    
9105.771053    818.225701    
9552.773481    928.022584    
9987.087049    970.597812    
9690.971867    1064.507415    
9051.929293    2134.051314    
9619.006424    1136.680814    
9391.002976    1062.338185    
9518.706780    846.672256    
9093.900352    991.977700    
9679.017271    1042.509071    
9398.572594    1132.224440    
9627.416914    1148.642501    
9397.441600    1033.969454    
8108.749562    1593.091250    
9520.355236    1094.119311    
9088.828446    1323.078345    
9390.877224    911.295910    
9063.232614    1178.022699    
9520.741042    912.838161    
8405.599509    1121.137370    
8941.388480    1034.828813    
8258.315710    1509.627633    
8925.135041    887.581615    
8592.804107    1220.560293    
8462.170213    951.549257    
9614.046547    959.736351    
9348.193202    812.720993    
8585.165414    953.543111    
9266.264045    957.626943    
8832.609449    1166.334002    
8888.446920    876.050959    
8170.523936    1451.392700    
8492.543689    1108.383847    
8430.853659    1802.441493    
9509.259629    935.619789    
9132.690887    773.429068    
8785.780392    1100.141908    
8136.555866    1669.314064    
8678.279370    1336.424306    
8630.930153    1341.650296    
8985.672831    1083.590101    
9487.196501    1014.294161    
8826.193750    1247.839294    
8581.607576    1631.890348    
8290.087344    2249.748962    
8676.948158    1399.323127    
9150.168919    1164.963531    
8897.277567    1123.671297    
6965.092683    2527.762206    
8834.885196    968.298774    
9226.866841    1025.037797    
9386.247119    863.046644    
9590.654661    1267.352931    
8303.642559    1317.664811    
8765.182192    1253.087557    
8233.780523    1470.380887    
9172.868146    1140.214570    
8454.674293    1503.698529    
8218.952239    1358.480779    
9231.321696    1100.698911    
9198.640167    934.654462    
9515.820343    1050.610206    
8732.444304    1258.654958    
9088.136667    1312.376906    
9225.087746    1454.884915    
8875.598494    1022.382903    
9023.624853    1237.087561    
8917.442153    1088.041174    
8840.741860    1274.213167    
8149.039267    1369.388637    
9000.205496    1208.266106    
8910.357488    870.541934    
8725.596838    1512.892487    
9106.158602    1232.539411    
9934.160940    910.874635    
9694.173913    1074.593501    
9424.679567    1097.524323    
9478.390728    1002.483863    
9865.447635    899.154008    
9077.709949    1537.153389    
9812.553879    820.709193    
10221.045635    581.931063    
9054.465553    1872.982155    
9158.449675    1413.486181    
9614.023305    1059.937627    
9880.675456    1012.063211    
8430.884253    2064.686245    
9447.046474    801.058538    
10053.622744    693.678699    
9088.900000    1344.341314    
9773.310709    1120.977840    
8967.837037    2122.100323    
8584.567322    1805.600902    
8817.459552    1976.019746    
9933.435127    804.095792    
9640.770021    972.778394    
10051.896166    730.892631    
9718.816514    859.963082    
9723.045455    914.602237    
9595.766143    709.681238    
9480.952087    1002.754509    
10044.546845    1184.314171    
10056.127946    888.714659    
10010.512195    938.621548    
9300.087838    1731.175652    
9501.338086    1056.732382    
9915.519722    814.854593    
10047.444444    789.778408    
9598.456432    1271.204396    
10071.818713    665.862451    
10192.695556    735.472403    
9494.338983    1189.048219    
8265.506000    2315.621591    
9243.487179    1574.113709    
9058.844498    1567.054518    
9652.985149    1268.413216    
9736.095628    1089.036424    
9891.668421    875.726700    
9590.950199    1397.826289    
9960.993127    1228.601790    
9801.021368    1484.778201    
8915.831858    2027.860662    
9042.975936    1680.041659    
7001.711256    2886.610958    
8033.231651    2958.020136    
10204.202817    850.636245    
8426.859583    2604.319984    
8186.884688    2360.212966    
8933.785171    2052.983387    
8482.492986    2298.520075    
8586.536290    1654.992897    
8897.923434    2528.260802    
9409.290419    1839.116231    
8781.048035    2321.220085    
7704.294282    2266.750452    
9333.351648    2026.412941    
8563.874172    2072.479449    
10103.591346    717.237681    
9577.330632    1034.016101    
8925.126894    1765.762578    
8992.689560    1464.059828    
8005.879710    2284.050773    
8322.900338    2169.305631    
9850.287671    1294.502600    
8939.140927    1938.641834    
8576.397830    1936.578045    
10012.322289    1235.693596    
8586.975155    1965.859160    
9264.428803    1548.061644    
8679.387358    1896.900481    
9078.790476    1802.240985    
8110.572831    2613.016987    
9541.482003    1172.329317    
8473.504298    2360.529376    
8003.449102    2625.902670    
9029.551167    2052.989366    
8641.249589    2017.393989    
8849.290419    1804.008020    
8510.104478    1692.911105    
7997.611742    2329.375448    
7522.418103    2274.773448    
8040.054820    2566.653592    
7414.652239    2344.146915    
8080.560000    2247.920487    
9147.345572    1733.526562    
7399.911967    2341.506263    
8818.901893    1913.246278    
8784.938918    2109.692594    
8373.257106    1873.458166    
8771.288820    2075.354139    
7970.939791    2468.410120    
8351.147383    2161.417165    
9211.383855    1819.038630    
9552.321888    1248.278552    
8427.059451    1991.637068    
7995.925837    2207.956200    
8034.447581    2159.473124    
8386.566265    2039.744562    
7299.821990    2671.219373    
8114.745297    2152.469859    
8718.150221    1642.127011    
8271.764103    2084.851787    
7927.762570    2331.824682    
7614.912470    2251.018866    
8054.738727    2366.354030    
7741.406475    2512.765430    
9085.998480    1691.795981    
9103.851200    1782.274059    
7509.021390    2392.005006    
7028.515763    2651.292366    
7790.282840    2158.422678    
7954.239130    2518.760196    
9287.945362    1303.930125    
8653.080000    1936.092025    
7842.699871    2272.472500    
7945.971660    2230.771870    
8865.346361    1492.343334    
9366.705329    1478.756289    
8043.786172    2471.285573    
7725.237392    2076.613102    
8422.398667    1924.645586    
8804.677010    1612.334367    
8806.577128    1677.992841    
8933.557121    1957.686713    
7707.818297    2252.919708    
8564.744186    1907.709380    
8225.447087    1999.838659    
8513.369748    2068.358382    
8609.850820    2301.675964    
8173.653299    1815.117657    
7143.385732    2493.412069    
7871.334115    2016.924445    
8350.078704    2061.529841    
8704.514865    1787.531851    
8280.179788    2056.901419    
8215.441176    1818.071480    
8101.339921    2325.189167    
7629.656450    2143.252612    
7660.047181    2207.042425    
8077.835240    2109.678783    
8294.368843    1940.392277    
8110.498843    1916.979809    
8250.115099    2191.242381    
7232.040541    2350.323288    
7997.515567    1985.142090    
7999.039638    2084.653427    
8267.918984    1910.569200    
7994.899061    2061.845675    
7864.442055    2410.809488    
8402.976942    2044.230825    
8245.975638    2109.530139    
8148.367325    1921.521397    
8110.235294    2087.208338    
7525.752262    2136.214828    
8210.008653    1928.758966    
7640.582789    2031.090886    
7614.450913    2206.320664    
8110.314286    2166.734947    
8071.854348    1964.005573    
7805.807095    2027.525166    
8367.114253    1659.089526    
7858.943529    2031.386292    
8064.332151    1873.724056    
7749.011148    2043.313331    
8028.968433    1848.303633    
8384.258174    1888.733180    
8404.948592    1948.583552    
7945.113250    1751.251665    
7830.534262    1847.095802    
8218.098795    1701.138155    
8007.605634    1849.939932    
8263.760580    1883.911383    
8404.092031    1813.142027    
8392.993961    2027.503429    
8221.684758    2083.835385    
7253.339227    2056.734838    
7843.469484    2027.396358    
7073.693901    2200.852300    
8332.250287    1720.637191    
7707.608168    2033.980865    
7744.411695    2098.964678    
7570.846063    2161.131897    
7335.976898    2094.932938    
7779.472808    1891.707239    
8064.761760    2066.126873    
7684.988789    1974.469263    
7989.106911    1806.384658    
7973.973184    1884.103709    
8062.008562    2478.133319    
7816.866915    2229.730580    
7462.524892    1954.582042    
7847.844649    2048.389620    
7509.392473    2048.476147    
8111.439306    1674.892731    
8000.916484    1937.548296    
8242.614155    1794.847595    
8087.312431    1647.774405    
7856.154516    1952.523500    
8049.717172    1910.567894    
7717.392704    1835.715698    
7486.033784    2229.318001    
7515.676407    1991.853476    
7531.293803    1595.044046    
7803.974026    1679.246379    
8412.598234    1503.834548    
8053.655938    1858.898203    
8371.026519    1814.635006    
7698.811466    1980.388679    
7194.732379    2131.211591    
8632.680540    1587.210552    
8188.751921    1702.754170    
7842.769488    1910.584623    
8467.092182    1676.683007    
8041.412854    1812.660529    
7847.213508    1931.579173    
7563.002203    2071.722108    
8215.716434    1702.501321    
8127.219017    1722.321110    
8051.283482    2133.104250    
7893.892936    1960.938394    
7839.598913    1877.772073    
8418.404255    1614.572744    
8637.015005    1475.374048    
8099.026115    1729.829846    
7910.326464    1701.721787    
8323.197489    1729.685277    
7999.185622    2008.617495    
8250.699134    1599.510806    
7836.000000    1740.806734    
7979.213749    1661.018219    
8464.959315    1287.116818    
8111.142246    1574.007858    
7502.076674    2008.784066    
7653.347594    1687.561176    
7826.706140    1958.101544    
8184.684829    1329.604514    
8384.530108    1451.606064    
8058.531823    1684.815106    
8010.803879    1395.278868    
8325.970620    1073.247645    
8278.710895    1497.807493    
8084.311966    1517.306624    
8127.786102    1545.870111    
8419.331197    1349.016268    
8802.390374    1238.352675    
8239.942888    1361.898452    
8937.590958    1233.686953    
8751.677419    1243.228138    
8825.571581    1324.677774    
8994.273626    1277.797725    
8724.244658    1123.719353    
8532.535714    1328.632427    
8261.147910    1217.756897    
8662.103632    1391.546101    
8599.642369    1272.441789    
8877.579060    1132.778255    
8936.624169    1107.920803    
8324.929412    1326.178807    
8723.869519    1118.016576    
8411.481760    1137.672423    
8872.227820    1257.861787    
8266.251068    1303.602254    
8902.000000    969.173667    
8848.957265    1216.839790    
9064.146563    1307.997119    
8743.639220    1186.179531    
8784.287393    1177.440510    
9162.020022    1096.998349    
8487.923077    1230.368587    
8966.602814    1280.958132    
8887.343820    1058.849158    
8232.811966    1034.560153    
9175.795580    1184.123107    
9160.996696    1180.587893    
9236.377682    1131.782753    
8265.033623    1376.257445    
8255.094017    1466.194684    
8884.697650    1368.428034    
8571.952991    1449.245157    
8364.766885    1352.278602    
8677.392045    1436.806139    
8616.216880    1284.907458    
8625.641694    1481.421418    
8536.095548    1398.072271    
8581.092466    1500.824035    
8323.200869    1528.542885    
8579.978632    1216.787904    
8803.590374    1160.960678    
8605.518878    1493.264890    
8410.927957    1462.145843    
8631.942266    1382.505617    
8535.341137    1643.521725    
8363.406147    1648.234769    
8521.209328    1570.224514    
8684.544385    1416.027801    
8594.719037    1481.469435    
8864.539717    1250.788981    
8573.687643    1624.154665    
8632.838675    1392.861924    
8734.129771    1356.467570    
8387.957143    1418.792305    
8381.553611    1315.983973    
8977.480046    1108.100775    
8707.814103    1055.644678    
8619.653476    1211.205253    
8871.708333    1176.920416    
8862.335470    1061.402549    
9130.913090    1079.475958    
9143.451613    1073.934829    
8968.916578    1136.352440    
8550.437365    1279.479470    
8572.786325    1305.516896    
8985.198802    1089.974181    
9051.240783    1253.938136    
9525.236911    1002.251829    
9091.565310    1190.199710    
8826.732906    1103.763468    
8876.635179    1199.944980    
9341.451945    1130.453928    
8966.568209    1130.167235    
8724.681624    860.604120    
8975.892094    886.392715    
8768.623853    1233.559485    
9306.088889    944.297820    
8378.648504    1358.175853    
8785.346652    1030.243621    
9155.391026    964.251062    
8648.835886    1368.841185    
8648.067308    1193.109136    
9060.227564    1210.789117    
8693.109208    1283.474207    
8370.841542    1382.836114    
8438.943376    1439.396830    
8167.606417    1499.633108    
8567.725405    1357.497214    
8596.596048    1499.849563    
8267.246795    1430.628857    
8833.071581    1227.000668    
9321.733333    1063.187780    
8849.471154    1033.886851    
8516.573718    1260.201812    
9025.207265    997.272899    
8733.259615    1310.795946    
8885.678149    952.260212    
8385.792513    1002.738054    
9354.318352    1083.707238    
9125.654628    1274.171010    
8511.548180    1313.423198    
8773.767094    981.314678    
8498.026709    1175.826004    
8694.627137    1307.744381    
9246.181503    984.351383    
8404.703664    1202.357173    
8191.793926    1101.017966    
8546.513919    1238.266547    
8696.116959    1401.978593    
8778.187768    1090.775431    
8484.748932    1244.366656    
8433.594017    1315.068368    
8802.579060    1360.261775    
8557.922912    1000.445241    
8650.049145    1283.717538    
8084.797009    1396.259021    
8235.513889    1381.719727    
8081.689175    1636.364742    
8661.679487    1370.811817    
8251.940043    1459.808026    
8140.409483    1404.268346    
7837.979679    1070.898852    
7720.765912    1257.974450    
8395.366962    1516.991696    
7611.661308    1589.638765    
8323.181916    1603.203468    
7813.984615    1535.253885    
8186.698361    1578.973675    
8345.491435    1575.797034    
8337.761242    1403.715033    
8233.846416    1613.412597    
8156.410913    1623.237137    
8068.357985    1681.945624    
7745.098378    1667.603912    
8033.476807    1775.683625    
8205.713974    1518.527843    
7813.075536    1910.111401    
7975.917293    1613.693529    
8141.533907    1637.719427    
7474.691358    1920.071609    
7963.163175    1645.050582    
7803.875269    1821.732222    
8184.990354    1671.856265    
7996.520299    1690.606538    
8291.486631    1670.296771    
7948.399558    1714.630977    
8237.548180    1689.904936    
7526.569892    1674.154208    
7924.331551    1723.963216    
7886.875000    1671.171077    
7857.672727    1673.780402    
7735.696641    1569.221019    
7823.254625    1546.152797    
7776.744385    1620.829910    
7707.184946    1559.932939    
7818.666667    1415.610828    
7584.482239    1782.807205    
7603.134054    1694.899679    
7681.910753    1875.897434    
7614.636659    1732.685238    
7950.248548    1574.814136    
7659.940733    1636.945729    
7760.576509    1832.078227    
7712.842623    1762.831315    
7985.686695    1342.540456    
8340.753483    1567.440788    
8268.408942    1647.699278    
8156.441964    1665.869280    
8331.968958    1327.381135    
7333.802497    1879.866183    
7736.983731    1796.669640    
8335.950163    1539.383019    
7582.548004    1602.322791    
7122.394009    1221.388744    
6414.720455    1136.794810    
8351.859155    1331.448908    
7688.843987    1780.281429    
8157.002240    1855.320934    
7507.644397    1528.355663    
6892.539717    1558.515372    
7026.610991    1799.072171    
7422.922374    2121.736596    
7903.984392    1884.334876    
7968.496200    1880.379321    
7943.501075    1565.914307    
7958.265261    2059.334969    
7467.356284    1744.763015    
7580.920566    1931.583222    
7060.087757    1863.164855    
7068.380482    1835.648979    
7322.986857    1993.507651    
7660.815301    1891.970533    
7711.131749    2023.681281    
7671.699240    1914.882784    
7531.950549    1804.394815    
7432.424309    1643.033957    
7311.038085    1896.032127    
7454.227917    1955.248514    
8196.111714    1669.530447    
7878.424078    1794.818889    
7723.156794    2288.295656    
7634.892274    2019.039901    
7571.386117    1464.452790    
7215.185996    1901.960616    
7624.966559    1799.611478    
7709.476510    1489.196638    
7226.910870    1946.032254    
7590.967489    2003.562866    
7769.914097    1947.480847    
7918.351382    1744.169039    
7857.554957    1296.179993    
7485.168514    1602.964163    
7576.439411    1515.142341    
7299.362353    1787.710529    
7041.789714    1775.777170    
7030.316017    1739.716453    
7547.000000    1681.266589    
7771.768212    2002.696478    
7490.201087    1955.902769    
6927.936298    1824.657876    
7222.989071    1542.033071    
7609.819936    1609.494372    
8175.871508    1804.712746    
7460.609597    1849.212113    
7547.276527    1616.664979    
7700.067275    1919.264024    
7586.807101    1211.266273    
7875.581818    1688.056000    
7249.091314    1586.712877    
7295.797740    1899.409176    
7858.286070    2207.455688    
8106.637061    1927.454452    
7805.472098    1933.979147    
8056.579952    1592.312938    
7868.757679    1846.748441    
7699.455568    1696.826750    
8059.200000    1767.829223    
8322.974478    1857.255360    
8092.297773    1602.085780    
7989.658480    1818.362364    
8832.742308    1174.331283    
8185.916873    1726.168336    
8037.567657    1711.684929    
8155.808939    1633.039978    
9042.026954    1328.369992    
8593.734742    1327.800894    
7402.703333    1715.155527    
8491.957062    1620.695944    
8246.222717    1722.154816    
8354.991206    1324.720624    
7487.881087    1527.671807    
7092.903870    2165.463020    
7111.841067    1869.076134    
8742.775029    1236.508525    
7931.179874    1655.105396    
8150.930456    1651.882134    
6884.270012    2089.446541    
8697.460465    1400.825892    
8050.602247    2118.695556    
7915.821429    2061.139401    
8430.125592    1390.576914    
9059.673440    1352.829510    
8357.336671    1291.490671    
7576.272610    2044.920149    
9045.632000    1316.181684    
6607.364721    2023.450359    
8718.926591    1567.903578    
8289.229025    1422.602943    
7117.803727    1863.673384    
7739.315013    2185.820639    
7274.328217    1806.203198    
8111.645382    1540.602407    
9179.688297    1120.775672    
8046.709402    1596.258103    
8439.720113    1868.542509    
6903.760291    2137.986220    
8034.654731    1869.151565    
8228.400000    1735.234148    
7945.195303    1963.849968    
7341.294189    1908.093853    
9265.286853    987.948749    
8443.366762    1939.957171    
7445.444853    2804.033136    
7778.247283    2012.846650    
7969.621693    2181.703548    
8058.357955    1749.671770    
8002.853575    1888.962914    
7247.576588    2084.100154    
7686.568098    2118.903717    
7790.389930    1799.819163    
7901.661446    1964.279497    
9072.247608    948.956382    
8138.470968    1967.835279    
7757.259654    1914.882473    
6878.543802    1867.309740    
7929.178168    1761.405172    
9106.315642    996.759925    
7596.794569    1814.620769    
7530.043165    1949.593551    
7528.810049    1860.013478    
8347.721564    1815.828932    
6900.328395    2267.531011    
7569.371467    1949.616476    
7811.664465    2056.600554    
6804.272251    1879.783345    
7640.095663    2134.389802    
7030.293883    1873.804102    
7749.993122    1722.940017    
7803.297634    2031.670190    
7200.726174    2098.507144    
7460.325551    2225.874296    
7519.848693    2167.837026    
6865.858785    2043.032570    
7667.077670    1884.720102    
9027.409408    1344.196631    
8297.368497    1679.723582    
8270.836551    1799.718063    
8932.704545    1226.471767    
8292.229333    2083.732666    
8340.683805    1879.689759    
8928.403933    1065.105612    
7055.537681    1840.895587    
7589.535576    1925.221259    
8104.518519    1445.960727    
8456.955671    1556.389299    
8695.405941    1738.154805    
8923.169632    1571.515076    
8315.469799    1488.616812    
8901.212045    1466.426690    
8067.441224    1765.410102    
8055.427262    1625.992446    
9166.734450    1604.460516    
7847.078271    2215.785021    
8437.108404    1393.261352    
8690.454203    1774.377583    
8985.782110    1417.313656    
8672.275498    1624.328012    
8284.005476    1630.781798    
8956.918367    1477.781824    
8913.180488    1834.668621    
9043.585338    1436.513501    
7109.921502    1942.841430    
8029.724515    2172.717424    
8487.329427    1904.290991    
9772.796992    834.335527    
9143.910761    1104.316524    
8887.493785    1328.582439    
8973.206506    1501.577770    
8496.972671    1967.304874    
8964.780630    1537.577227    
8720.467866    1476.549000    
8785.164444    1395.302239    
9528.844498    1030.769854    
9332.236520    1169.102194    
9066.297389    1287.854325    
9272.589602    1140.769460    
8895.319428    1313.979509    
9016.297436    1257.533349    
9122.784163    1161.172805    
8981.081277    1957.998923    
8986.053107    975.246503    
9140.505076    944.639692    
8904.207637    952.260778    
7973.096847    1821.289905    
9334.947179    1120.681685    
8481.799257    1582.249814    
8812.040268    1345.430965    
8871.836735    1327.860933    
8887.607335    1375.455727    
8627.367296    1428.539020    
8627.020885    1659.893860    
8580.670602    1562.762068    
8623.504890    1070.224564    
9034.025367    1062.105852    
9123.822193    1258.765066    
8220.313901    1680.264063    
9105.327228    1368.498695    
7939.050258    1456.687446    
8807.878606    1366.617746    
8546.477490    1464.440504    
8671.261229    1557.079048    
9207.106933    1070.212590    
8825.876524    1454.609082    
8330.404385    1517.608619    
8917.253456    1207.813606    
8677.878307    1553.945525    
7802.605191    1763.525051    
8849.478857    1480.995855    
8787.623588    1383.946332    
8835.858773    1446.864669    
8245.764706    1591.332085    
9109.040733    1486.815696    
8138.998845    1649.554819    
9291.490862    973.721114    
9250.396675    997.427643    
9228.385218    1206.464181    
9428.624585    1077.390332    
9489.567291    1207.358249    
8988.529605    1199.424856    
8964.828808    1200.705166    
8980.622642    1166.487267    
8512.994839    1586.656421    
9468.259001    1035.983764    
8513.412234    2060.974519    
8908.017815    1352.224362    
8356.342266    1502.374511    
8414.207439    1505.392832    
9261.709716    1067.886047    
8643.446115    1723.011553    
9043.477053    1153.366386    
8020.994125    2331.821653    
9089.355932    1004.561409    
8907.257675    1190.249476    
8222.140553    1478.170720    
8377.351921    2133.628985    
9333.059102    930.657070    
9205.906417    1316.471151    
9248.811561    1090.781733    
9047.134868    1192.723842    
8697.766935    1523.091730    
8454.353308    1427.580312    
8848.223724    1206.053531    
7861.219952    1959.660524    
8540.252955    1372.331489    
8577.669364    1469.228225    
8431.527105    1253.027620    
8680.132903    1505.873016    
8344.427570    1620.125066    
9463.580524    1132.431391    
8652.181818    1010.073210    
7117.950558    1708.170899    
9235.484778    1141.673025    
9191.816118    1045.132970    
8555.669643    1504.080335    
9155.147202    1251.519601    
9491.815534    987.039899    
8080.660539    1595.772696    
8838.051696    1414.831937    
8560.059322    1269.836419    
8291.845443    1634.921373    
8500.592934    1216.144084    
8105.323960    1735.486044    
8125.294798    1332.314219    
8879.843569    953.192273    
8679.403274    1249.812936    
8424.041667    1569.472635    
7745.087533    2275.600179    
8191.101485    1750.401598    
8540.852679    1635.949193    
9048.640288    1078.387108    
8953.294250    1355.627743    
9305.195755    998.064873    
8772.464286    1019.415454    
8664.740741    1446.241689    
8456.887324    1692.030234    
9080.408250    1795.222546    
9432.676240    1339.510767    
9472.497336    1828.472491    
9164.523585    1314.911863    
9707.104882    887.920732    
9735.917874    1007.813458    
9659.609756    1706.806149    
9612.832298    1227.135306    
9774.358792    984.948953    
9333.825153    1462.385301    
8758.720109    2107.045962    
8992.839733    2310.167337    
8862.296524    2068.259017    
9568.397770    1438.291701    
9077.204348    1968.376245    
9493.044968    1724.713965    
8960.570968    2977.732517    
8527.915612    2332.023976    
8381.069860    2770.138404    
8506.724387    2359.283589    
7977.496766    2588.503899    
8503.529310    2725.758511    
9954.596220    827.086295    
9035.470588    1315.448336    
9126.298013    2412.036340    
7351.905512    3309.609728    
9229.591413    2049.168316    
9066.093525    2232.887026    
9642.068182    898.029938    
8672.364393    1358.419525    
9876.100167    953.141207    
8163.260105    2787.163845    
8102.326892    2732.075843    
8914.553846    2112.667976    
9862.795640    1186.159918    
8325.300990    2832.712283    
9459.516129    1128.213454    
9403.385768    1008.063689    
9904.260714    823.713094    
9558.718659    731.882493    
10172.985330    719.220204    
9802.534799    1276.469816    
9829.762653    1439.325051    
9488.905085    1478.084149    
9771.012632    1074.261636    
9920.789720    846.049607    
9620.400927    940.681952    
9728.616858    1279.179629    
9701.091317    1022.245113    
9809.759551    1242.898274    
10333.315476    489.936830    
10166.985507    991.796545    
9061.810967    1556.711832    
10412.808081    455.109355    
10026.635945    714.285187    
9933.486364    856.539539    
9386.873061    1088.378304    
9155.303509    1704.594814    
9687.587302    900.419654    
9924.003670    951.690114    
10555.215297    225.993066    
10318.972393    767.913600    
9113.346734    1628.577458    
9526.801047    822.351102    
9649.689431    1070.848105    
10247.800000    531.129696    
9264.189409    2547.579479    
9407.471831    986.354943    
9923.298780    525.735082    
9910.222760    1033.202206    
9703.853273    1379.044840    
10257.772727    824.674560    
9880.586735    2210.859957    
9081.763889    2405.678026    
10531.270833    332.509319    
9392.813406    1411.487784    
9961.293617    921.136504    
9839.301645    808.155255    
10036.164706    644.668795    
10318.000000    526.990094    
10319.608696    554.436875    
10633.917889    232.840736    
10436.790769    296.567127    
9984.822951    1062.847750    
10189.866171    611.179265    
10287.277273    716.001543    
9846.273556    916.882463    
10434.503546    393.990777    
9728.850374    922.705289    
9939.252830    787.498926    
10441.937500    1334.103881    
10496.231076    225.005273    
10462.613014    327.986830    
10409.501193    313.961594    
10162.181058    854.347837    
8919.872000    2412.289188    
9955.425926    2081.992836    
9536.689944    1864.089511    
10096.818584    685.961516    
8888.409962    3086.609434    
10379.416342    598.579825    
10478.552124    321.021740    
10146.073077    718.106617    
9437.537859    1398.158180    
9910.045267    845.385568    
10548.383459    557.150743    
10216.492788    483.999240    
10156.920110    657.858682    
10347.401460    479.712923    
10673.716129    151.391002    
10672.948148    197.093992    
10507.319749    470.282378    
10261.043197    511.793233    
10109.367391    761.239348    
8643.833333    2952.423333    
10196.507812    724.312997    
10101.688482    857.622123    
9981.372197    785.860501    
9560.308559    1164.827489    
10601.592834    217.681656    
9825.870370    1340.350951    
10494.772563    596.461717    
10482.637255    377.495491    
9982.784884    606.636622    
10101.031180    822.720599    
10387.605263    303.975375    
10271.333333    553.708501    
10118.693506    648.747684    
10270.233429    603.675114    
9277.465278    2784.184765    
9836.995825    1186.810671    
9810.345768    980.723085    
10429.152174    615.036364    
9353.510836    2688.209907    
9548.580808    847.009419    
10540.895570    316.054411    
10091.698157    828.296878    
10338.455882    630.829296    
10101.066532    959.066720    
10032.945619    1372.987411    
9148.967655    3005.954233    
10570.163880    247.939933    
10644.106977    224.895516    
10067.652027    1636.631995    
10495.377483    276.757807    
10626.007968    388.163230    
10536.000000    420.921523    
10532.292994    433.555744    
10518.946429    333.887728    
9417.279116    808.421614    
10404.491991    462.318526    
10751.646341    124.501481    
10381.432836    313.233151    
10452.353333    776.505472    
10651.382353    191.268062    
10278.295711    556.496125    
10348.940767    1175.212111    
10533.981651    409.858997    
10421.708171    459.834005    
10661.321300    189.077242    
10495.322751    178.985609    
10582.041096    184.177979    
10449.563536    581.496472    
10584.633880    240.739417    
10521.620209    279.058519    
10337.780220    773.446937    
9906.568966    941.263776    
9915.519455    882.966747    
10461.374317    500.040916    
10178.212687    744.867287    
10013.250000    975.518048    
10557.597633    412.981715    
10785.988166    114.471411    
9279.276808    2810.631804    
9567.482051    1265.888632    
10255.643059    646.527484    
10581.437008    218.842144    
9831.927007    1130.288797    
10148.864721    815.523474    
9978.203620    981.708917    
9044.848259    3519.243823    
9901.138514    751.273287    
9233.418006    1407.074121    
9673.242424    756.775509    
9267.794788    3044.134805    
9906.630252    1308.506994    
10067.635955    922.986139    
9354.196522    861.975774    
9501.908411    948.634848    
10383.010135    515.368987    
9289.977273    2647.105891    
9381.534392    680.494459    
9813.165171    717.029751    
9348.626970    832.218752    
9859.030829    724.027171    
9458.158416    904.918611    
9315.796634    987.142796    
9563.930490    845.069348    
8547.378788    758.451257    
9975.884972    765.780588    
9342.050584    874.894400    
9314.718750    996.768335    
9464.311811    1015.496745    
9801.428571    727.183969    
9094.418994    847.817361    
8330.407008    1392.232839    
8843.110535    1147.738021    
9414.361549    799.895335    
9459.293182    976.909565    
9145.709486    1467.729555    
8838.741240    1173.103642    
9024.796721    867.215774    
9430.034602    841.905874    
8599.061069    1659.050181    
9029.726073    812.338500    
8552.261194    996.313802    
9230.688272    668.751941    
9252.222901    788.399578    
8993.356000    1067.090338    
8721.444444    804.533649    
8812.977679    1211.853089    
9411.190713    937.355083    
9134.586142    1032.420012    
8284.391736    1377.085682    
8799.680608    1080.715573    
8843.846377    891.147788    
8268.445221    1425.738977    
9353.405745    822.223626    
8721.416244    1538.260889    
8967.672012    874.608787    
9230.206600    749.445461    
9026.074499    1163.419887    
8370.555556    1071.400942    
9829.366569    669.609853    
9434.485163    715.461896    
7833.257848    1782.603764    
8919.150718    847.367917    
8823.327273    1147.206926    
9153.330769    975.727724    
10052.982143    672.470002    
9747.175309    750.551249    
10079.983019    611.812394    
8870.774319    530.105719    
7739.533575    1460.435107    
8942.699145    1077.742589    
9317.974257    547.020105    
9378.697744    890.456448    
9175.000000    1068.933254    
9738.351893    742.434460    
9325.905085    867.648713    
8790.465008    1177.409295    
8901.968701    985.178034    
9081.098827    813.942519    
7654.279040    2047.380231    
8283.602996    1740.779200    
9079.278125    802.838430    
7189.529412    2718.736173    
9299.238612    584.237475    
9263.137045    776.022298    
8961.957895    756.498094    
9073.448141    942.962848    
7611.070886    1584.876744    
8609.727700    830.228019    
8453.797297    814.935910    
8327.607656    1168.924054    
8837.467811    839.912421    
9161.092985    810.680354    
8984.831579    1893.680271    
9255.700000    1344.360946    
9504.946140    706.829653    
8973.026738    954.913222    
8614.011628    544.986164    
8684.137441    463.928521    
8721.171233    546.296101    
9517.629699    736.790434    
7535.521368    363.850270    
8988.362637    856.334759    
8719.706721    1390.928325    
9554.017986    779.255998    
10227.528455    476.311033    
9354.421053    2189.837682    
6991.869091    2620.999660    
9244.848485    1256.392449    
8803.271930    3081.468106    
9195.624224    2077.369874    
10195.394410    1073.827347    
10157.427632    474.010335    
9354.023077    864.005667    
5622.612971    2966.404375    
8608.992481    2207.553840    
8388.025140    1502.243478    
9347.879167    850.934093    
10091.811258    563.124932    
10000.224390    744.031417    
9053.313433    1129.000672    
9539.025696    795.398998    
6891.276074    2253.983062    
7640.120301    1396.477782    
8255.177143    1230.800152    
8279.514354    1481.784485    
7572.169550    1652.315658    
8526.717105    1076.121648    
8274.749216    913.283133    
8191.904762    1390.059716    
9284.113485    870.486534    
7349.651877    1088.628906    
7791.296482    936.755487    
6852.663551    3125.021037    
6890.053254    2471.369798    
7929.105590    1415.444934    
8471.819071    1931.458508    
8286.397816    1095.301874    
8119.233645    1370.465111    
7415.287218    1111.348719    
7440.490370    1591.987204    
8490.033989    675.346778    
7695.982935    1116.343941    
8262.561162    1569.209402    
8141.630324    1455.164739    
8778.360000    1100.981718    
8430.851133    1135.759768    
8498.815199    1318.293291    
8217.104668    1268.915211    
8081.763636    1470.626195    
8658.642105    637.017077    
8253.344660    995.819418    
8458.362385    2077.537403    
8031.024862    1733.979512    
8471.427386    982.713685    
8984.696721    803.043988    
7829.327660    1042.581950    
7893.963415    2067.928044    
8432.008197    1156.786451    
8431.896907    1464.790471    
8336.553488    732.961965    
8674.916484    720.607178    
8867.266958    792.681309    
7805.449541    3239.870357    
8001.218750    1903.791389    
8618.580420    417.691331    
8205.822917    1072.196179    
9105.021277    1280.970867    
8281.077626    1272.653690    
8750.831492    1409.850784    
9426.834483    579.695503    
8345.511050    1338.868192    
9327.580547    938.905863    
9618.853774    831.461814    
8825.017442    959.670949    
9150.497667    724.865467    
8940.717042    684.487752    
9762.898256    706.394891    
9695.482759    782.627180    
8800.614035    1535.963950    
9420.341463    1033.402322    
9815.176471    546.922812    
9796.576613    697.349847    
10266.792793    475.258073    
10409.542857    582.046259    
9747.023256    1262.621181    
9708.955224    675.376417    
9930.800000    603.378102    
2671.215190    3044.961090    
953.000000    15.051635    
10279.550562    493.544006    
10397.000000    376.910798    
10052.494048    635.678069    
9738.598886    600.162040    
10154.398352    622.272010    
10072.693878    505.190597    
9728.763158    788.446054    
10730.133333    180.094926    
9534.639535    1083.363356    
6712.323232    4392.611804    
10291.125000    106.900289    
10350.421296    369.164062    
9823.528302    629.260001    
9938.293893    529.802687    
9483.923077    911.004284    
9084.459459    422.231210    
9382.580645    401.693159    
9062.687500    410.150265    
10109.785016    508.119840    
9731.460432    617.550939    
9529.152381    687.128616    
9411.267241    692.055227    
7531.000000    0.000000    
5104.757353    3085.189439    
6564.301802    4052.272230    
5928.863354    3819.133664    
9599.415094    1029.819494    
9311.620482    963.227166    
7001.945312    4004.428461    
9233.427403    1439.152272    
9579.212766    1170.979367    
876.550000    749.167659    
5877.541667    3825.181551    
5940.432653    3911.871141    
9688.828431    839.349068    
9340.629834    934.649721    
8895.603896    867.920065    
8838.682635    977.396218    
4765.897196    3650.825421    
8754.715232    868.328938    
8970.773663    784.282022    
9660.497585    669.474723    
8784.285000    700.953567    
974.697872    81.787310    
7613.714286    565.774239    
9561.560886    920.328007    
9742.660714    877.329916    
9029.207692    714.328805    
9198.362385    920.787274    
8715.035714    1153.415564    
10435.046512    487.209454    
10418.777778    120.519042    
8691.040984    1239.650099    
8877.346154    1535.707127    
9662.325103    918.811935    
9958.584071    692.460813    
978.219780    165.233754    
8329.666667    1795.091935    
8233.536842    1813.657136    
8520.000000    827.314934    
8466.500000    2426.500000    
9422.958580    1267.358915    
9631.626016    770.825915    
9837.917526    901.404302    
9831.300319    857.258815    
9635.895492    843.844896    
9356.704453    886.111469    
9440.250712    904.954624    
9716.701754    820.849889    
7257.058333    1050.938876    
4679.105590    3292.475316    
7395.523529    1353.993610    
7982.029126    827.862917    
8445.165354    686.807802    
5265.763889    3340.057104    
6539.129630    3696.640152    
6412.574713    3591.545875    
9475.966418    1008.486732    
9214.017241    891.877140    
8931.742690    662.307850    
8560.850000    885.961414    
8869.493976    1671.206240    
6371.802198    3311.232898    
3524.188312    3587.988439    
8488.761194    627.073946    
5895.789683    2966.090634    
9296.409884    610.575265    
9983.105991    688.661815    
9583.432787    896.309839    
8763.145062    1105.123520    
9109.882883    924.691892    
9802.706061    885.468906    
9065.005051    524.721297    
9707.153355    925.737096    
9516.255875    798.085661    
