564.045714    1.729796    
566.327619    1.605733    
564.460952    1.148456    
567.087619    1.257336    
568.295238    1.868658    
566.478095    1.971704    
564.440000    1.273436    
564.123810    1.271634    
563.790476    0.889036    
561.925714    1.100738    
562.975238    1.256358    
564.154286    1.315478    
564.346667    1.488308    
566.763810    1.717536    
564.539048    2.131152    
562.977143    1.486271    
561.853333    1.275189    
564.291429    1.438525    
564.266667    3.338282    
564.451429    0.881569    
566.457143    1.620280    
568.413333    2.566193    
569.790476    1.158778    
573.754286    1.535177    
573.121905    2.469701    
571.224762    2.244773    
573.489524    1.130691    
572.249524    1.262132    
573.180952    1.079514    
572.257143    1.749169    
573.321905    2.119568    
572.520000    1.219711    
573.260952    0.973212    
572.047619    1.658347    
570.188571    2.387400    
571.053333    1.182819    
570.880000    1.526552    
574.588571    2.284161    
574.335238    2.016597    
578.565714    1.890821    
579.998095    1.694247    
583.710476    1.702655    
585.836190    2.846522    
587.681905    2.340484    
593.556190    2.026300    
595.794286    1.737970    
604.142857    2.015316    
608.803810    1.894751    
615.316190    2.380681    
618.561905    1.694382    
625.293333    2.322899    
631.434286    2.520387    
634.175238    2.583419    
636.902857    2.773358    
640.678095    1.485548    
649.731429    3.171640    
651.683810    0.681053    
657.622857    2.753120    
660.424762    2.013421    
663.489524    3.069106    
671.323810    1.974578    
673.683810    2.606772    
679.725714    2.363413    
683.758095    1.515808    
688.678095    2.325264    
701.967619    1.848783    
706.300952    2.625316    
708.773333    2.067447    
722.558095    1.542711    
728.520000    3.146287    
734.306667    3.063029    
740.409524    1.602945    
756.024762    3.369521    
761.796190    2.390135    
769.394286    2.777934    
785.756190    4.412707    
792.036190    4.120636    
797.440000    3.796078    
803.339048    4.482272    
817.333333    2.972466    
822.659048    1.225110    
834.923810    3.215721    
843.527619    4.380661    
847.215238    5.276124    
861.478095    3.382588    
869.011429    4.409067    
872.836190    3.187449    
887.979048    3.673008    
902.980952    2.915250    
904.777143    2.701296    
909.733333    4.537813    
916.525714    2.538430    
922.567619    5.784849    
945.363810    4.376020    
948.883810    6.760940    
948.020952    3.428388    
964.914286    4.737519    
965.405714    4.190371    
978.462857    4.590783    
989.346667    4.905761    
1000.636190    5.252757    
1003.739048    5.561646    
1013.603810    4.529184    
1015.224762    3.118448    
1036.849524    7.288492    
1044.632381    5.616989    
1058.702857    3.431408    
1054.935238    5.935173    
1061.228571    4.695808    
1071.003810    9.869240    
1081.493333    7.284848    
1089.615238    3.374492    
1081.398095    5.028263    
1105.982857    2.948719    
1119.779048    3.559660    
1128.579048    7.655433    
1133.939048    6.896245    
1135.354286    8.111849    
1139.600000    5.751025    
1161.727619    10.218382    
1172.238095    5.909998    
1180.521905    7.008430    
1186.120000    7.225806    
1198.659048    6.345297    
1202.146667    10.656695    
1196.064762    13.878369    
1207.335238    16.893335    
1242.520000    8.783864    
1232.965714    8.022514    
1265.194286    10.357807    
1258.533333    7.114930    
1273.771429    9.568059    
1281.617143    11.018257    
1276.920000    8.098282    
1293.070476    9.359934    
1296.687619    3.915967    
1300.708571    6.127908    
1327.434286    11.478260    
1319.986667    15.641758    
1321.447619    5.772151    
1341.348571    7.589367    
1345.702857    14.808212    
1372.182857    12.674868    
1360.577143    9.318096    
1375.683810    12.886428    
1379.512381    12.096530    
1365.064762    13.877546    
1377.365714    10.919077    
1371.702857    11.959109    
1389.125714    12.040543    
1396.822857    7.648782    
1387.361905    9.604487    
1447.420952    16.002617    
1433.344762    17.773635    
1454.864762    18.443706    
1455.521905    12.612390    
1455.775238    14.424020    
1478.146667    26.527172    
1483.057143    14.013210    
1486.032381    16.984388    
1498.624762    11.501476    
1507.575238    17.758286    
1498.586667    13.320325    
1543.729524    16.928398    
1543.878095    26.728127    
1561.447619    16.412992    
1563.672381    11.775653    
1586.121905    16.213351    
1589.579048    15.251040    
1598.838095    12.776708    
1610.078095    13.113555    
1634.207619    22.372107    
1656.102857    30.022736    
1604.236190    12.736353    
1671.800000    24.824719    
1637.487619    16.761360    
1649.396190    23.057014    
1693.889524    29.000545    
1729.320000    27.023948    
1725.120000    30.389266    
1729.137143    24.193904    
1717.411429    17.231816    
1695.512381    45.160690    
1757.478095    15.862684    
1773.788571    25.176010    
1750.028571    23.872861    
1733.262857    20.626461    
1775.478095    19.749044    
1795.222857    19.697567    
1780.508571    35.008005    
1807.813333    31.339605    
1827.104762    17.155715    
1848.260952    32.028536    
1802.777143    26.237484    
1857.344762    31.303023    
1886.580952    35.434764    
1848.965714    23.609174    
1857.036190    22.102890    
1867.697143    23.656142    
1907.506667    14.902044    
1910.718095    30.428567    
1947.721905    51.471553    
1928.504762    23.096866    
1936.392381    27.957150    
1922.243810    20.276977    
1948.085714    20.177930    
1969.474286    28.285110    
1963.411429    31.042985    
1991.731429    27.244052    
1986.748571    19.904286    
1985.360000    42.434060    
2093.491429    29.294017    
1969.678095    30.835496    
2043.801905    21.810849    
2071.354286    41.786261    
2024.994286    31.895573    
2058.771429    42.402304    
2056.733333    32.937941    
2041.925714    24.550205    
2068.798095    43.587080    
2110.443810    38.875616    
2133.382857    29.849465    
2046.278095    60.510737    
2126.453333    30.772718    
2110.040000    19.813423    
2122.280000    26.575887    
2139.146667    45.303836    
2110.445714    25.191673    
2142.801905    49.597377    
2155.815238    39.763230    
2139.392381    27.814322    
2188.758095    67.777511    
2128.160000    27.682367    
2145.013333    52.925660    
2151.872381    55.032431    
2155.820952    50.830084    
2215.106667    41.761637    
2181.939048    54.819184    
2329.203810    59.568659    
2194.110476    43.976912    
2352.929524    52.365063    
2226.295238    64.467035    
2266.613333    22.913274    
2408.976562    35.451103    
2337.312381    30.493989    
2305.369524    60.997647    
2338.740952    57.879395    
2263.209615    86.465491    
2352.420952    63.577953    
2373.984762    38.205855    
2277.173333    59.530532    
2344.415238    44.443382    
2445.508571    83.115241    
2341.320000    44.649497    
2348.253333    29.902168    
2410.422857    56.643852    
2358.184762    74.071999    
2446.264762    64.997439    
2445.664762    38.452420    
2478.386667    36.809484    
2431.085714    57.006284    
2473.316190    57.455631    
2432.820952    89.995102    
2442.274286    45.881140    
2438.040000    58.356412    
2538.500956    97.438403    
2426.615238    36.619596    
2446.908571    50.334493    
2532.481625    92.135287    
2416.944762    86.129796    
2539.894118    53.430921    
2611.664762    79.064735    
2464.702857    62.741581    
2549.958095    48.190240    
2508.283810    36.170672    
2550.165385    44.427464    
2502.691429    42.072591    
2619.508571    44.656556    
2606.972816    48.016697    
2697.243810    68.980616    
2713.735238    89.797043    
2645.950192    87.539927    
2788.702857    134.170280    
2618.758095    44.857792    
2676.765714    35.971104    
2689.902672    41.325833    
2621.735238    151.676122    
2663.676892    27.545573    
2693.001905    152.272731    
2695.329140    119.536766    
2708.685885    56.661781    
2636.678095    66.220621    
2786.078095    64.001098    
2824.729524    66.005044    
2605.990177    36.011212    
2625.258964    63.754827    
2749.994264    160.269330    
2787.725714    108.522953    
2682.445714    87.829941    
2733.337945    135.811841    
2762.353053    84.205239    
2821.453333    84.021019    
2774.250478    84.641344    
2733.608040    120.401932    
2912.809524    89.077676    
2727.817143    38.739089    
2677.866667    84.986415    
2723.510504    70.524639    
2773.253333    97.970134    
2838.200000    140.773523    
2948.076190    58.892039    
2774.998095    95.826897    
2956.474950    200.493811    
2821.186508    100.590306    
2987.818356    147.172079    
2960.679198    120.537985    
2735.708738    64.245438    
2986.655769    102.871666    
3011.227533    112.935724    
2904.197628    52.485802    
2941.384615    89.712433    
2905.045802    52.207215    
3022.697572    389.211887    
2869.822270    110.275655    
3046.243626    135.688352    
2852.214612    310.175866    
2865.563107    154.784264    
2921.916190    171.371911    
3166.231358    192.762364    
2831.347390    109.717169    
2990.382920    91.168868    
2952.231293    316.585304    
2865.350242    148.731628    
2932.088462    134.813803    
3125.531088    84.998691    
2812.063830    163.128534    
2979.520154    142.476291    
3036.199422    130.683433    
2977.552632    179.432417    
3190.918095    173.044225    
2944.906694    308.506287    
3225.614035    94.002857    
3060.853333    100.682014    
3054.386667    110.021474    
3029.670520    91.207894    
3183.413592    79.347740    
3141.132184    151.244327    
3031.700952    74.140536    
3215.495652    219.156610    
2954.503417    145.375014    
3152.715536    285.769984    
3703.763380    456.871850    
3001.157113    154.924585    
2961.736018    85.510375    
2994.339093    66.215007    
3361.713362    141.749041    
3246.654580    192.094445    
3106.409524    98.709028    
3206.250000    106.843078    
3188.700193    104.955278    
3298.074510    208.018547    
3158.903614    393.449801    
3190.356164    223.411782    
3106.175258    117.661099    
3362.182004    132.981054    
3090.474537    88.615217    
2947.299760    136.389409    
3217.679167    169.400884    
3098.224409    153.764036    
3404.656627    170.360875    
3448.769723    188.655478    
2784.110855    178.899747    
3481.517745    202.363238    
3147.476364    269.743775    
3186.687732    145.469318    
2838.002604    333.606605    
3051.461883    112.179737    
2909.866667    78.524257    
3215.550193    363.895378    
3188.909980    109.618301    
2874.481481    177.181618    
3491.832061    247.817511    
3644.252199    275.327117    
3034.791176    86.996352    
2750.221719    123.771979    
3245.538194    418.188428    
3313.285057    136.542669    
3259.845842    149.114045    
3475.054487    350.888716    
3136.738676    119.857805    
3193.276888    205.319974    
3322.984375    338.621317    
2964.945652    109.301698    
3717.528796    369.690741    
3401.947674    150.448139    
3955.200000    679.756103    
3370.768000    92.623004    
2862.684825    154.650044    
3678.397849    291.027421    
3405.524590    432.105970    
3968.706667    227.566182    
3595.898649    152.709924    
3469.649038    137.790940    
3614.606780    170.639419    
3375.739130    135.017686    
3374.935714    145.211023    
3667.601010    218.187489    
3705.529745    160.728846    
3434.116564    107.142551    
3755.121849    370.157867    
3677.525000    103.099787    
3733.561224    294.652144    
3683.939306    99.928757    
3366.063745    173.121644    
4276.157143    349.792291    
3205.940000    108.386745    
3559.942387    180.493872    
3738.823729    122.253790    
4366.891892    271.775572    
3638.024096    242.544716    
3666.346154    117.513132    
3652.462500    186.112529    
3778.538462    286.383873    
3618.760638    138.741000    
4277.881844    355.919421    
3472.044944    441.328678    
3655.067692    235.809875    
3869.674863    154.787112    
3942.858209    429.148804    
3868.672222    313.258481    
3339.446494    121.054057    
3667.267742    89.700196    
3979.280757    210.390639    
3824.821138    254.009539    
4074.200000    109.822645    
3434.489362    290.892695    
3960.658730    175.247565    
3793.394366    107.824124    
3961.416667    146.786224    
3903.681818    200.593278    
3531.257353    130.657641    
4216.252778    507.975535    
4445.518116    347.446456    
3979.334507    317.068101    
4158.393305    156.394738    
4001.286713    502.832906    
4399.293103    596.577567    
4327.577670    395.206338    
3937.216561    605.771118    
4088.121827    604.865698    
4107.256659    162.859814    
3918.371134    385.528271    
4225.862626    176.193848    
3695.639506    137.605998    
3985.172237    197.470713    
3522.216049    207.662854    
4480.396675    153.853640    
4382.912844    273.245826    
4132.614679    137.140851    
3889.873626    100.036919    
4013.666667    198.520640    
4559.904930    188.053113    
5103.266667    771.014444    
4377.511628    415.091493    
4350.762774    123.408874    
4184.434783    88.918784    
4534.110236    191.011161    
4048.295082    134.329280    
4164.823899    313.932083    
5032.923077    354.494443    
4173.741007    323.923549    
4065.938889    168.439394    
3950.010076    110.820593    
4011.527027    584.868644    
4605.207547    222.436793    
5585.850746    857.580208    
4517.960784    183.967747    
4544.138015    194.184800    
3709.896947    321.140181    
4267.365439    119.751228    
4534.666667    517.302136    
4480.775342    262.426567    
4278.584375    115.431713    
4193.670792    295.132581    
4747.758904    208.114910    
4718.219231    217.823610    
5155.976303    641.381502    
4297.726457    242.348823    
4380.729032    444.798748    
3481.847953    241.884996    
4485.739377    272.438397    
5092.163017    342.591974    
4241.298611    564.515354    
4698.036585    444.809289    
5124.813333    1426.938576    
4870.832335    168.579683    
4941.187251    275.035312    
4425.261194    687.086439    
3409.838926    1077.357599    
4950.915966    127.345595    
3925.033557    132.294994    
4708.700000    250.309329    
4630.337209    194.880859    
5204.469880    921.304331    
3813.126984    185.029770    
3408.000000    0.000000    
2436.383838    47.111024    
7299.900000    1664.149690    
5267.047619    150.849650    
5785.993443    1263.078680    
5827.884615    418.930414    
4252.663265    357.964510    
4565.263473    126.574028    
4784.868421    279.789505    
4954.450000    204.957124    
6257.232456    1271.499644    
4663.033520    329.594738    
4386.440678    714.713777    
4540.806122    1270.614841    
5381.438746    671.995579    
6227.168142    1345.640381    
4465.503030    334.379382    
5095.748837    946.421555    
4994.173469    1597.262576    
4697.224138    298.938686    
4533.634615    82.820712    
5811.409483    1542.232188    
4519.528000    102.258463    
6387.747423    2079.677984    
5380.866906    861.853257    
7860.331492    2221.667422    
5497.230159    1017.820607    
4603.528409    497.982360    
4099.650794    1546.024643    
5154.791667    859.169426    
8541.676056    480.283009    
5608.918367    1501.226177    
5122.565217    789.140511    
5205.573643    1751.816363    
4694.378049    1894.102024    
8313.808989    1331.652921    
5269.934211    1325.595848    
5458.761062    211.395334    
6169.825000    1078.800558    
5107.464789    789.800623    
5868.773663    680.529056    
6195.878571    1420.653258    
7072.577320    1031.855169    
5387.510638    455.643355    
5842.387692    1179.895874    
5199.847134    746.036219    
5934.712766    552.159416    
5230.808511    211.177815    
6437.705882    1645.055174    
4797.829787    756.635113    
6068.996785    1167.063075    
4216.261333    994.025465    
4767.019737    356.425741    
6755.411765    1761.306666    
7487.100917    1427.654161    
4345.051282    512.934379    
5498.783607    815.095319    
5677.111111    1200.441688    
5152.471154    313.383631    
5169.298780    445.900968    
5173.804878    568.770592    
5502.016043    803.949173    
4894.821053    569.767635    
5594.625360    493.338236    
5089.557851    449.826310    
5562.402062    927.914819    
5306.703704    789.759282    
5056.238806    854.222887    
5710.108014    598.495558    
5335.038697    453.373955    
5046.269103    621.471743    
5505.852941    223.062130    
4506.607547    1398.431651    
5414.283224    700.090457    
5733.764858    498.922409    
5491.921260    774.154562    
5326.710468    355.245291    
5648.238971    1753.747451    
6039.788136    758.405965    
4593.673684    1377.979063    
5599.121622    742.239831    
6753.630928    895.364731    
5576.781250    857.943076    
5783.288312    281.115445    
5875.423398    556.682693    
5166.103053    722.733676    
4863.472561    612.375636    
5852.021077    614.622587    
5267.299587    1079.150486    
6292.289017    1112.183593    
5164.503254    792.247441    
5639.943144    1148.497381    
5439.750769    1480.000995    
5838.409302    539.284517    
6598.737143    974.238848    
6448.766169    946.774125    
6250.774436    1076.553639    
5437.968912    934.083025    
5999.508571    829.560757    
6378.875954    580.189313    
5955.520095    745.891260    
6104.750000    679.184193    
5439.901163    787.173887    
6846.712551    891.186096    
6179.961315    884.521750    
6130.453571    700.174834    
6086.249035    725.706407    
6456.884393    515.178595    
6086.885714    759.125139    
6661.858566    1105.614879    
6944.877470    841.284697    
5971.015238    907.375781    
5801.997807    920.527098    
6010.123256    813.418026    
6788.810427    845.797981    
7328.333333    569.760468    
6462.059016    894.696584    
7048.127660    690.067327    
6575.524313    651.608704    
6327.853565    1007.712022    
7902.735294    971.314334    
6819.339048    509.789532    
6428.929524    659.576113    
7915.853186    870.326855    
6248.755906    1110.262615    
6415.839552    975.344428    
6860.313131    752.242528    
6792.550000    551.448165    
6497.746154    640.131901    
7161.037209    1149.769052    
7404.620000    399.431507    
7249.434679    494.796759    
7168.957303    492.991406    
7033.509542    554.803853    
5920.648770    783.428691    
7514.973684    881.514807    
7140.683036    433.469838    
6480.182524    611.316664    
6321.729941    984.224376    
6630.148936    1191.854874    
7161.384762    474.942900    
6311.164706    1286.940672    
6138.077320    993.838743    
6706.030476    643.558567    
7435.611765    1238.704856    
7124.244395    570.113989    
7390.013359    414.311576    
6705.674603    581.823240    
6648.083815    851.297973    
6143.330724    727.134107    
6200.748387    504.937666    
6373.227425    840.813896    
6461.514583    742.486666    
6826.272901    694.056458    
6789.892720    472.615288    
5795.112311    590.339076    
6482.092135    602.721881    
6446.624573    785.610979    
6905.600496    394.485684    
6930.945770    376.719761    
5687.263158    364.618095    
6950.135397    650.067648    
6458.986842    730.867108    
5914.257991    689.933207    
5879.806122    467.661827    
7462.673267    647.353771    
6180.784783    979.476124    
6873.228346    637.965343    
6496.124473    551.111948    
6895.373832    480.312165    
6425.168067    724.805066    
6080.273438    649.052389    
6826.960552    520.545453    
6739.013333    728.712549    
6708.427723    671.509727    
6967.288416    1007.191246    
6494.440964    827.713332    
7088.129167    580.173207    
6396.403579    760.877642    
5972.473913    504.309926    
5886.413866    712.816601    
7074.440994    1043.914747    
6343.192149    765.769339    
6138.621891    1250.219102    
7256.271318    615.011108    
6065.734266    603.673760    
6383.787791    925.675796    
6267.031434    843.705443    
6372.111111    690.574565    
6401.884236    752.578817    
6929.292784    462.618920    
6344.422449    535.158862    
5681.506053    1467.079418    
5883.062992    652.819234    
6836.723861    1048.776973    
6618.874396    862.033106    
5710.550476    921.049782    
6993.863813    1120.791643    
6638.613953    911.574459    
6933.321586    649.600526    
7103.833693    913.766780    
6163.481172    976.036239    
6464.815068    711.183585    
6606.548571    684.247363    
6312.592308    706.812528    
5551.926606    1166.578269    
6239.584762    558.424385    
6313.965049    692.977669    
5940.371429    924.984710    
5550.634694    688.366771    
5193.762032    977.649073    
6329.988528    873.518607    
7679.576699    719.104615    
6151.402367    613.615923    
6212.423326    460.539202    
5873.015267    371.920013    
5934.370861    951.400731    
6732.516634    494.352393    
6141.355556    936.692269    
5783.469780    751.597761    
7690.074570    1140.907750    
6362.886076    721.756560    
4990.800781    809.689347    
6245.419162    576.163223    
6503.975000    773.384476    
6456.278626    462.925396    
6144.593952    588.659094    
6500.502564    542.769875    
6283.315341    569.540924    
6536.205128    456.171329    
5490.007737    1263.249888    
6537.209524    407.551109    
6097.653105    655.961886    
5737.608451    1447.410929    
5982.515021    807.058061    
6040.425532    815.352301    
6389.894168    639.733354    
5741.823770    647.046801    
5845.933333    479.451835    
6857.215190    1112.552952    
5298.095506    1297.856377    
6204.150685    494.516153    
5787.120000    825.247207    
5933.900621    989.002743    
5835.649895    584.924974    
6231.732265    1064.990667    
6659.073171    669.098488    
5708.351779    760.875899    
5582.726547    446.318843    
6485.099778    546.977846    
4872.466165    1024.027168    
6184.024762    435.543380    
5693.255238    359.707330    
6549.016393    733.473864    
5925.088710    1052.737783    
6312.635135    526.635080    
5559.768642    500.806189    
6434.630476    644.308888    
6386.006550    656.855422    
5613.653017    1165.525086    
6022.505882    453.181437    
5477.887906    847.292780    
6436.273810    622.416566    
5290.367188    1051.610124    
6435.290448    578.116107    
5685.156977    541.617335    
6512.067470    882.970957    
6265.188184    465.637949    
5766.733060    493.673984    
5445.150838    730.808968    
4507.802761    468.328271    
5528.433790    852.783671    
5457.745935    730.170084    
6116.942966    756.834694    
4966.032258    1463.930932    
5914.468303    861.295782    
5891.465753    1058.333828    
5359.500000    385.840487    
6106.145511    866.605056    
5821.071161    742.893784    
5667.465649    353.747258    
5678.796905    616.461836    
5161.237288    979.452989    
5496.043210    890.008099    
5420.574913    905.975337    
5519.112381    559.989092    
6117.969697    1256.109618    
5873.585890    1154.004677    
4797.290448    839.085727    
5077.971429    640.881394    
5177.778781    303.894519    
5875.307843    720.185113    
5999.054054    927.964175    
4658.919872    700.394401    
4623.333333    513.925818    
5383.204678    701.346953    
5093.105386    713.101161    
6168.375740    1120.891558    
5783.586139    826.378451    
4522.090293    613.104446    
5358.228947    483.152899    
5212.702479    768.225597    
4575.555172    1026.739227    
4833.595062    570.963093    
5686.844068    566.522322    
5497.033557    609.587231    
5393.566990    379.446998    
5058.000000    300.807331    
5436.785311    1317.604027    
6284.761905    1869.902822    
6140.776596    962.603815    
4768.885057    865.088538    
4556.944206    815.354170    
5406.738532    277.797878    
5814.440000    859.624244    
5538.009063    971.478185    
4599.518519    1342.367718    
5619.898592    1169.145300    
5538.078431    706.237923    
5503.888268    758.200725    
5983.122807    1430.770974    
6234.704762    1349.175578    
5537.780723    1401.478637    
5158.352381    450.634114    
5475.393617    567.425264    
6462.563536    2074.622674    
4688.222222    866.719382    
5332.393048    497.533761    
5654.838542    1101.703506    
5094.428571    854.229591    
6416.096591    980.752075    
5339.994885    820.712509    
4670.876248    706.826740    
4874.549223    716.978002    
5187.220159    440.547503    
4907.803089    430.146118    
4633.406190    618.516464    
5295.362587    788.462479    
6124.943734    536.436282    
4695.098237    1117.729456    
4631.291803    1217.106562    
4526.181818    1967.391615    
4571.469453    346.285134    
5529.250000    1222.564893    
4338.413870    813.808321    
6003.130337    1653.068764    
5306.427419    615.421219    
5584.259690    1289.743466    
5242.476316    1175.586627    
4489.120087    381.993257    
4847.395522    479.131047    
4650.253623    115.998338    
4158.568702    565.855673    
5277.281984    780.262304    
5452.002717    1250.920862    
5154.293893    508.583324    
4543.614286    289.069817    
4182.395556    921.707897    
5099.251232    684.622683    
5182.847191    359.998064    
4546.101796    778.847887    
4558.690000    520.105570    
4614.698734    519.825348    
4217.892950    376.360552    
4487.468599    132.339914    
4512.451807    428.991435    
4853.600467    380.453144    
5247.275000    539.573071    
4643.910412    343.933540    
5239.059289    984.959392    
4893.317073    1104.087059    
4507.501149    714.407355    
4944.062937    327.340742    
4885.700000    502.333534    
4109.046070    535.833718    
4382.651685    335.845791    
4673.677606    389.697505    
4374.488235    198.979314    
4090.358779    215.004281    
6528.498008    1182.646123    
4318.492754    941.726808    
4415.177143    509.038396    
4191.706989    349.729154    
4647.571754    501.652916    
4538.470914    349.286744    
4023.469432    128.909840    
4251.694737    740.852000    
4353.702500    213.456012    
5015.312195    633.921839    
4524.701299    321.688123    
4158.200000    362.116255    
4268.200000    128.526971    
4690.512690    458.994792    
4290.588921    203.402924    
4591.539683    408.220425    
4329.113208    205.341562    
4041.254587    288.896559    
4453.153527    588.370150    
5540.628378    1032.330382    
4123.976316    121.087059    
4435.333333    351.409323    
3851.615804    277.499072    
4626.615094    357.678103    
4526.717703    891.107258    
4025.795918    143.938724    
4266.535411    200.370293    
4660.767568    291.506312    
4100.525751    280.946531    
4306.697406    136.112274    
4244.829218    242.064606    
4179.162562    247.461980    
4414.809339    605.517156    
4092.936170    191.734347    
4283.760820    272.334436    
5059.163488    909.671918    
4685.331731    740.676283    
4182.390135    244.559942    
4184.974922    213.226430    
4831.123853    447.117504    
3498.776471    350.211814    
4108.572308    297.642488    
3481.377049    271.535625    
4228.838843    306.703579    
4556.024938    329.396250    
3933.692473    274.719638    
4105.119318    314.619481    
4047.037344    246.791752    
3921.560440    858.402109    
4067.098039    255.760255    
4051.359184    219.601005    
4191.210204    234.533037    
3700.405000    456.434509    
4156.536913    131.424404    
3976.228374    160.992283    
4125.808163    136.703910    
3725.627490    99.338583    
4397.808889    271.419829    
4112.167939    119.943953    
3686.418468    98.350501    
3560.648148    189.833059    
4926.131579    743.149940    
4016.753521    184.455582    
3786.870166    216.195960    
3841.319261    202.739161    
3808.921053    200.534059    
3870.076923    297.936285    
3857.880102    140.890457    
5514.194570    1369.153146    
3788.827778    85.120557    
3781.622896    558.088488    
3774.625430    207.679787    
3833.472067    239.078335    
3464.220109    101.714717    
3870.383085    138.137874    
3500.181208    72.754349    
4053.341176    297.137067    
4069.318519    255.910304    
4027.960630    405.213746    
3275.050459    119.174693    
3611.082840    128.448890    
4061.978916    487.280135    
4038.698701    206.834843    
4571.698413    525.889669    
3674.686192    465.210770    
3687.575875    212.686529    
4077.184932    206.826444    
3625.120000    44.038002    
3836.157377    261.932318    
3928.773196    56.769475    
3755.498592    178.366475    
3624.000000    83.456576    
4521.512658    425.231430    
4884.871429    957.424599    
3664.471910    186.565414    
3501.694215    93.689086    
3878.575419    179.754546    
3633.479339    58.600073    
3706.517857    118.439495    
3827.942529    163.585175    
3508.754335    108.430582    
3659.687927    160.182913    
3671.061697    415.301781    
3374.748963    205.954456    
4392.868932    426.807803    
3518.847826    157.348905    
3724.876923    323.893444    
3755.137931    290.090369    
3234.444767    70.735483    
3228.482353    98.014238    
3348.268657    204.645130    
3876.187179    126.685390    
3478.290055    185.881538    
3496.349693    162.567030    
3606.156190    157.528562    
3336.991471    171.363253    
3653.628571    299.687286    
3319.157303    118.562239    
3351.118447    201.467778    
3376.140659    159.627637    
3559.095703    138.501737    
3484.122449    114.618895    
3648.903727    216.044006    
3280.406312    114.970953    
3465.154309    469.902951    
3315.330769    97.688763    
3448.322519    128.292088    
3331.659314    303.110895    
3664.931429    174.553938    
3496.685000    181.630272    
3304.187764    348.021570    
3611.454861    213.385894    
3103.230916    111.658806    
3023.000000    118.893091    
3041.905325    140.867651    
3207.160521    154.273556    
3436.713439    176.713114    
3346.346667    122.075503    
3641.514874    482.581576    
3216.059387    118.995196    
3129.021231    132.972610    
3254.789675    139.083169    
3255.768317    117.518129    
3341.429668    157.965533    
3233.925287    190.912409    
3214.181818    97.615134    
3428.992337    259.320878    
3430.328032    168.483948    
3091.013645    103.032508    
3135.158095    67.190984    
3308.582418    146.595059    
3339.388889    119.975392    
2911.042289    86.850078    
2954.102823    118.189106    
3214.580952    69.294868    
3418.279612    188.136254    
3092.276680    152.239730    
3156.334107    270.220044    
2765.512346    135.381228    
2940.052863    120.291375    
3247.088106    99.541620    
3254.195918    190.910275    
3332.169231    90.507640    
3044.103044    89.342085    
3220.674528    169.382585    
3036.626667    170.391498    
2986.206186    326.621778    
3252.325153    121.849846    
3136.316498    97.975745    
3162.128773    126.498565    
3104.138004    126.997401    
3285.713402    231.075233    
3071.526185    178.082009    
2984.527344    112.376370    
3151.121905    124.600208    
2868.712891    106.528869    
2910.532663    148.507458    
3102.293333    109.283021    
2939.624217    169.644663    
2924.811429    78.667478    
3075.498008    83.671735    
3001.727273    189.889264    
2805.404682    186.312644    
3004.592516    254.137063    
3099.643293    124.977794    
3105.444231    91.056031    
2771.968442    135.840197    
2983.049618    63.374820    
2991.942184    129.430539    
2876.442231    159.063906    
2866.059961    169.246156    
2926.510476    138.349820    
2900.594286    108.065506    
3069.228571    102.577177    
2849.122244    96.775648    
3124.917939    206.958387    
2796.685315    85.164239    
2894.619145    107.577299    
2845.431472    42.524482    
2952.131783    64.576693    
2993.752381    90.852364    
2734.445714    127.846409    
2862.196190    105.860814    
2841.661654    108.127064    
2842.108108    67.435568    
2692.634286    54.112507    
2856.807252    79.709247    
2878.162524    66.024145    
2734.017143    108.040705    
2944.402321    132.890265    
2777.954023    110.558413    
2800.832381    94.264281    
2623.593511    98.654966    
2697.359343    105.442785    
2647.520000    78.161457    
2854.868571    122.374600    
2760.699387    194.358968    
2820.287109    98.134781    
2763.507937    87.606194    
2807.780952    87.595866    
2663.030651    70.005658    
2784.671772    51.315619    
2796.377551    44.572691    
2674.575238    121.310042    
2640.456693    70.213651    
2711.930636    83.488597    
2560.949084    71.115633    
2780.019084    108.527636    
2713.483810    164.355707    
2575.742126    67.074163    
2792.783109    129.051973    
2765.680585    112.495995    
2694.811429    50.593964    
2676.990476    119.133722    
2706.771154    64.484849    
2551.771372    31.970871    
2702.521905    56.531744    
2675.638095    77.461330    
2721.459048    79.406445    
2705.348571    67.939205    
2561.931298    105.683756    
2560.184762    63.532085    
2681.965368    109.811699    
2555.070476    62.580423    
2648.156190    77.684750    
2702.316733    74.224472    
2699.099048    126.756872    
2542.021882    169.126626    
2699.809524    70.350862    
2916.842742    169.184678    
2625.512381    57.317016    
2502.211240    37.184173    
2609.712381    57.259469    
2628.721905    51.743017    
2558.107071    47.718521    
2595.925714    98.853813    
2529.435185    70.717555    
2500.590517    58.953521    
2543.727099    81.036958    
2523.527778    88.374200    
2433.156190    63.060775    
2424.011429    37.964142    
2575.645714    75.909747    
2553.531429    95.289321    
2466.702290    146.826282    
2404.417939    64.134304    
2387.731429    38.650846    
2479.617143    55.388499    
2349.003817    114.240739    
2417.375238    112.268344    
2430.580952    87.141722    
2404.827255    76.276249    
2420.992381    87.795281    
2412.563810    65.112578    
2434.508571    75.748295    
2358.651429    50.341523    
2390.908571    58.361592    
2314.085714    52.424661    
2327.194286    44.103778    
2385.398095    32.634595    
2408.590476    64.268587    
2349.478095    32.996479    
2324.935238    62.683875    
2339.878095    65.215105    
2253.268571    76.536442    
2419.173333    61.053220    
2300.590476    53.675869    
2372.668571    54.973315    
2303.249524    24.572471    
2279.518095    50.345645    
2276.971429    30.951716    
2231.160000    43.706653    
2220.880000    34.019027    
2339.577143    39.629429    
2219.908571    76.777373    
2217.015238    49.207237    
2267.685714    38.398044    
2289.238095    42.357779    
2193.712381    54.199272    
2138.388571    32.100163    
2223.072381    36.215000    
2169.394286    82.586329    
2171.125714    37.917497    
2197.375238    30.654545    
2153.500952    58.796003    
2210.340952    39.703807    
2145.424762    80.498450    
2178.464762    33.859727    
2200.003810    26.317910    
2122.550476    32.961678    
2068.605714    45.462059    
2134.655238    39.141078    
2158.068571    48.281033    
2076.081905    52.160731    
2108.693333    42.710936    
2107.944762    37.011231    
2127.500952    30.413570    
2050.548571    46.534821    
2064.180952    69.041158    
2089.213333    90.867524    
2090.596190    28.785327    
2052.965714    47.560195    
2079.060952    42.432962    
2018.628571    25.276248    
2052.765714    38.083472    
2060.360000    25.763206    
2052.167308    41.249253    
2063.851429    34.498320    
2007.121905    33.584639    
1967.238095    23.258925    
1963.518095    32.539180    
1994.085714    30.671505    
1936.761905    29.936353    
1980.445714    21.260457    
1947.104762    44.760128    
1948.723810    20.325305    
1936.662857    19.195403    
1921.533333    27.420488    
1950.369524    45.414416    
1931.047619    41.201059    
1900.508571    55.613174    
1935.363810    36.411445    
1896.487619    21.909214    
1890.278095    36.733050    
1866.426667    51.439811    
1884.712381    23.993315    
1881.929524    24.342727    
1891.219048    51.133994    
1866.685714    23.348831    
1873.565714    26.073412    
1840.554286    27.438510    
1821.571429    15.049542    
1877.161905    27.293859    
1763.567619    22.527649    
1811.123810    27.190578    
1842.826667    33.204453    
1780.422857    23.220932    
1787.034286    22.963299    
1757.188571    15.157480    
1742.443810    22.837129    
1728.030476    34.573139    
1737.573333    29.464698    
1731.160000    34.089310    
1737.695238    19.207699    
1731.314286    10.743161    
1741.001905    20.679182    
1746.099048    28.920806    
1643.640000    14.274517    
1695.807619    41.561144    
1727.954286    38.143311    
1683.365714    17.646356    
1699.609524    20.945869    
1629.539048    29.456423    
1633.771429    18.950892    
1662.712381    16.753198    
1650.198095    21.860484    
1631.299048    21.396308    
1617.108571    18.857299    
1616.605714    12.169703    
1628.980952    22.671560    
1606.289524    22.322058    
1593.506667    15.611426    
1584.680000    27.523574    
1574.611429    20.977845    
1583.281905    26.503343    
1580.792381    25.420965    
1580.348571    19.530451    
1554.200000    19.817260    
1544.510476    15.191802    
1570.881905    23.318036    
1512.592381    10.217331    
1521.948571    13.449703    
1504.619048    18.329358    
1485.771429    11.848775    
1510.497143    14.301731    
1477.956190    11.651936    
1478.718095    15.823327    
1475.754286    16.016735    
1469.175238    23.752208    
1453.062857    16.404699    
1455.489524    13.140935    
1460.466667    8.590212    
1429.293333    18.321927    
1429.247619    8.477400    
1444.506667    10.165415    
1412.996190    8.737003    
1389.617143    14.541635    
1392.790476    8.440148    
1383.230476    8.796440    
1380.093333    9.036690    
1361.817143    9.796253    
1372.030476    11.462694    
1364.131429    9.213647    
1368.085714    9.297531    
1365.112381    13.230151    
1338.268571    9.145296    
1354.794286    11.072900    
1323.813333    17.569980    
1311.356190    18.501191    
1317.721905    5.627720    
1308.729524    6.060582    
1326.297143    12.037216    
1292.059048    6.719576    
1303.780952    9.606328    
1289.110476    7.593430    
1279.085714    15.653945    
1279.554286    12.094367    
1268.070476    10.710599    
1261.963810    8.131106    
1264.024762    9.333879    
1265.935238    5.322691    
1255.550476    11.870565    
1254.192381    14.349884    
1242.388571    9.326126    
1233.495238    6.689756    
1224.380952    15.656054    
1231.415238    14.051841    
1210.712381    13.078486    
1213.369524    12.659219    
1225.072381    8.481380    
1195.186667    8.913308    
1189.230476    8.471702    
1195.352381    9.821241    
1200.527619    6.613817    
1199.020952    7.655284    
1193.121905    9.164341    
1173.363810    7.655625    
1165.356190    8.481733    
1146.281905    10.072525    
1146.358095    5.113694    
1140.596190    7.718918    
1134.780952    6.977489    
1136.687619    11.312090    
1134.413333    9.936686    
1133.552381    3.646736    
1125.798095    7.845241    
1134.619048    10.232331    
1123.716190    7.539447    
1121.636190    6.247211    
1121.085714    7.076607    
1102.329524    6.908930    
1101.685714    10.307015    
1096.062857    9.894580    
1097.384762    12.861776    
1077.880000    6.172048    
1070.982857    2.846166    
1068.605714    8.767188    
1063.011429    7.569605    
1062.586667    6.495318    
1058.470476    5.591625    
1057.527619    6.512822    
1047.765714    3.943936    
1040.706667    6.012816    
1035.605714    5.685300    
1031.348571    7.976777    
1016.295238    5.584543    
1008.622857    4.387716    
1004.725714    3.452674    
1006.499048    5.978891    
1007.607619    4.893372    
1004.872381    4.550343    
993.931429    4.359889    
987.655238    5.974326    
973.643810    4.051194    
966.337143    3.682475    
964.603810    5.477155    
963.264762    2.461977    
960.285714    4.038185    
954.537143    5.167762    
952.685714    5.439388    
946.546667    3.615339    
945.881905    3.855158    
941.813333    4.309393    
934.990476    9.362229    
928.142857    4.967760    
922.342857    4.053050    
916.287619    3.444131    
912.459048    3.731046    
909.592381    3.914508    
908.228571    4.197635    
904.495238    4.383353    
895.742857    3.210781    
885.224762    8.013260    
884.047619    5.321978    
873.822857    1.591959    
871.923810    2.270705    
864.209524    2.692831    
857.232381    3.837571    
855.819048    2.655384    
844.512381    3.258738    
839.150476    2.675146    
832.329524    3.637894    
826.897143    4.587861    
820.474286    2.751589    
812.240000    3.408605    
803.363810    1.573296    
799.182857    3.664617    
795.830476    2.248349    
794.053333    1.505866    
788.712381    2.873050    
783.287619    2.412495    
777.344762    2.484465    
771.931429    2.977865    
769.792381    2.110459    
766.464762    2.588104    
766.851429    1.603812    
764.845714    2.251984    
765.765714    2.184876    
767.062857    2.082547    
766.184762    2.668718    
769.653333    2.238582    
763.344762    3.286509    
764.952381    2.898870    
766.567619    1.768965    
766.788571    1.873897    
765.876190    2.801004    
766.226667    2.406351    
767.678095    2.065867    
764.813333    1.765115    
765.262857    1.945802    
762.841905    1.467020    
762.443810    1.799255    
761.432381    3.117034    
760.927619    2.983526    
760.201905    1.858109    
759.344762    2.405786    
756.497143    1.470501    
758.638095    1.327538    
753.725714    2.404164    
747.209524    2.806439    
740.059048    1.955295    
739.847619    1.393734    
737.257143    2.062031    
734.727619    3.425965    
729.142857    2.297114    
728.200000    1.578426    
718.830476    3.012960    
715.177143    2.070439    
711.422857    2.165586    
705.973333    2.330594    
703.116190    1.284273    
698.617143    1.501774    
686.586667    2.697903    
684.428571    1.971498    
680.813333    2.525190    
680.794286    1.541664    
679.750476    1.608497    
675.971429    1.643789    
668.245714    1.878856    
663.670476    1.481307    
660.106667    2.988877    
656.468571    1.688466    
655.849524    3.838927    
655.011429    1.346552    
651.333333    2.860125    
646.607619    2.285844    
643.840000    2.813085    
641.247619    1.763011    
638.735238    2.135504    
636.226667    1.450141    
634.504762    1.200982    
632.127619    1.339829    
630.003810    1.263399    
625.062857    2.212917    
625.542857    1.352448    
621.866667    0.819601    
621.396190    1.498947    
620.062857    1.880692    
619.438095    1.230747    
616.918095    1.703486    
615.405714    1.190904    
615.634286    2.737320    
613.215238    1.658845    
612.792381    1.107868    
611.283810    0.803223    
609.013333    1.186356    
605.859048    1.453776    
600.927619    1.659173    
598.954286    1.582586    
594.396190    1.959394    
592.304762    1.079010    
591.083810    0.821511    
583.466667    2.130355    
580.219048    0.750631    
579.729524    1.519143    
576.238095    1.030246    
574.369524    1.114675    
575.266667    1.318489    
572.598095    2.203978    
572.826667    0.737081    
573.520000    0.986615    
571.550476    1.672131    
569.963810    2.585053    
571.215238    2.401063    
569.733333    2.072342    
569.643810    0.980177    
568.910476    1.904777    
569.000000    1.753364    
570.712381    1.186888    
568.899048    1.276640    
568.209524    1.498540    
567.354286    1.972237    
568.493333    1.545024    
569.843810    1.189792    
569.664762    1.759328    
567.207619    1.318274    
567.740952    1.952176    
568.600000    1.545500    
569.106667    2.601108    
572.857143    2.457364    
572.400000    1.056499    
569.466667    1.849925    
569.398095    1.485035    
568.813333    2.092029    
