	8232.368979591836	8242.180623973727	8206.871900826447	8191.229752066116	8183.872410936206	8263.092844974446	8206.200343938091	8215.866079295154	8229.545941123997	8227.515044247788	8260.410572687224	8268.364574376612	8285.021594684385	8282.217320261438	8296.385737439223	8313.374495560936	8285.484412470025	8237.366242038217
	8398.73224489796	8346.445077298617	8310.831125827815	8304.246256239601	8315.897046413502	8283.61835334477	8293.129004329005	8252.925110132159	8232.94950405771	8246.977738201247	8275.321869488536	8273.61049011178	8287.530492898914	8281.218466611706	8311.749796251019	8330.290348742903	8308.643724696356	8282.091861402096
	8522.868032786886	8469.426433915212	8450.740897544454	8428.385786802031	8375.275657336726	8339.625960717336	8315.373711340206	8276.984915705412	8280.11060743427	8256.069058295963	8252.992160278745	8308.66378565255	8291.112426035503	8285.830692243537	8338.285477178424	8338.99180999181	8357.233903830482	8301.87591240876
	8643.487200660611	8592.842592592593	8574.874035989717	8519.272882805817	8461.79127459367	8397.438521066208	8373.50909090909	8312.276651982378	8291.56182795699	8293.997326203209	8294.280701754386	8313.030487804877	8300.739574468085	8312.530646515534	8319.212426532325	8355.610878661088	8341.569306930693	8316.97270471464
	8725.70024979184	8666.985432733505	8600.91304347826	8555.692703862662	8472.06029285099	8407.627887082977	8387.041775456919	8341.796654929578	8294.499110320285	8294.889478337755	8290.38704028021	8307.327840416305	8306.69456427955	8340.176470588236	8351.115021459227	8361.370307167235	8354.50629722922	8347.721105527638
	8805.80372250423	8723.416955017301	8611.965938864629	8551.262337662338	8487.124781849912	8425.53125	8324.788194444445	8329.584872471416	8272.001787310099	8275.984848484848	8274.887719298245	8284.898334794041	8303.341968911916	8331.275713050994	8389.719101123595	8345.0206185567	8346.959183673469	8329.129332206256
	8793.956081081082	8691.848615916955	8627.718531468532	8546.431542461005	8478.69451697128	8394.658260869564	8334.83479020979	8288.738746690204	8277.918165467627	8234.67139061116	8239.44885361552	8277.907894736842	8294.119546247819	8329.75885911841	8366.624014022787	8368.825974025975	8341.679213002566	8347.601875532822
	8775.228279386713	8661.13713798978	8559.995655951347	8480.065180102916	8431.751944684529	8339.93657688966	8242.378378378378	8238.504880212955	8184.521894548704	8216.532549728752	8246.044603033006	8250.189929328622	8288.477453580901	8299.14672489083	8327.44356261023	8353.110530896432	8340.602928509905	8318.112456747405
	8684.547781569965	8591.563948497855	8509.993913043478	8401.910485933504	8375.633535004321	8247.01652173913	8173.976377952756	8179.615040286481	8176.557570262919	8193.91952983725	8243.336028751122	8257.275066548358	8316.630026809651	8280.569787985865	8336.515178571428	8333.43348017621	8353.053191489362	8315.55574912892
	8593.362694300518	8499.169111302846	8425.477729257642	8333.159345391903	8265.203941730933	8179.580729166667	8121.3114610673665	8083.22143489814	8115.243813015582	8130.271571298819	8192.23731884058	8238.674147217234	8253.760144274122	8265.48487544484	8304.110910730387	8297.137096774193	8314.312779267202	8292.229609929078
	8450.759405074366	8379.914137033826	8301.727114210986	8238.793223284101	8157.135064935065	8063.648954703833	8007.462081128748	8014.819494584837	8054.654662973223	8090.084949215143	8107.925724637681	8141.364620938628	8182.620253164557	8228.159891598916	8239.685688405798	8251.53992740472	8220.446636771301	8276.276018099548
	8317.303271441202	8269.35118525022	8213.112290008841	8121.085387323944	8063.276855895197	7975.750886524823	7980.307760927743	7984.35	7994.451253481894	8024.354808590103	8070.731864095501	8102.643119266055	8151.353049907579	8184.23857404022	8195.496296296296	8208.386740331493	8192.180656934306	8210.943378995435
	8154.513704686118	8118.1943462897525	8067.192238267148	8027.27009936766	7960.222023276634	7913.237837837838	7900.051397655546	7902.09532538955	7924.2788732394365	7943.468164794008	7975.355079217148	8037.758588672238	8042.898336414048	8066.789229340761	8106.1103835360145	8121.318989710009	8114.885397412199	8150.652253909843
	8023.872873769024	7941.309352517986	7880.814848762603	7851.6100917431195	7839.831963470319	7801.726027397261	7798.066363636363	7814.659007352941	7847.5725118483415	7865.76298394712	7870.104225352113	7926.017823639775	7956.241248817408	7960.135849056604	8011.303605313093	8035.344794651385	8052.653041825095	8057.6092592592595
	7813.321109123434	7740.10597826087	7707.351800554016	7683.460111317254	7674.2504621072085	7660.73030583874	7663.341689879295	7716.010270774977	7706.34028436019	7776.337142857143	7778.665406427222	7795.803435114503	7820.887297039159	7871.500480307397	7917.557710960233	7915.020114942528	7941.850333651097	7990.832706766917
	7616.486462093862	7605.689114391144	7549.380506091847	7518.547574626866	7514.334879406308	7536.009310986965	7535.032925682032	7574.988483685221	7613.067779960707	7635.210216110019	7657.45009596929	7685.806013579049	7693.040816326531	7767.579667644184	7785.75073313783	7805.76504854369	7858.79257849667	7907.14913957935
	7457.553172475425	7463.127406049496	7413.671977507029	7360.420810313076	7390.96303142329	7410.817234848485	7436.787356321839	7454.318540433925	7466.600597609562	7480.388446215139	7541.267130089374	7555.354455445545	7604.914285714286	7635.902173913043	7680.773359840954	7674.21387283237	7742.848803827751	7775.247628083492
	7321.899644760213	7301.692515779982	7266.173394495413	7268.946216955333	7304.913888888889	7305.368767638758	7296.794117647059	7291.984466019418	7299.186507936508	7344.410256410257	7395.697445972495	7431.342857142857	7466.733267716535	7518.570588235294	7536.831067961165	7570.702127659574	7638.808530805687	7670.787735849057
	7196.209802235598	7161.595782073814	7171.5182546749775	7172.614629794826	7202.033243486074	7215.661439114391	7161.80426716141	7144.667298578199	7136.500486854918	7178.431486880467	7266.405379442844	7278.2538314176245	7318.432146294514	7367.306358381503	7394.059787849566	7433.642314990512	7498.48821866164	7559.913857677902
	7122.8390901432185	7098.383033419023	7081.809018567639	7081.445910290237	7118.95788530466	7125.475022706631	7082.651695692026	7045.738072965388	7059.416586306654	7095.421606118547	7132.220963172805	7142.787356321839	7177.705544933078	7225.1554702495205	7275.779467680608	7350.76298394712	7390.710280373832	7452.593252108716
	7067.545078577336	7043.069315300085	7031.892361111111	6987.827676240209	7047.252631578947	7041.524064171123	7038.577028258888	6956.323694029851	6978.204414587332	6995.691428571428	7037.298409728718	7057.5635514018695	7078.882297551789	7138.139097744361	7166.3061611374405	7203.771749298409	7235.443518518518	7326.178703703704
