8237.845975    5590.978209    
8214.537925    5572.626359    
8225.822350    5576.661491    
8157.695450    5561.309829    
8173.996875    5476.872260    
8202.067350    5515.258638    
8153.464450    5515.586171    
8208.409175    5546.780145    
8291.159225    5554.081307    
8300.153150    5619.072949    
8246.037775    5498.535127    
8194.970025    5463.884181    
8255.865000    5542.651626    
8282.488600    5488.660525    
8192.009375    5532.964745    
8192.896450    5477.500180    
8214.437325    5492.623224    
8297.422350    5516.338008    
8264.904350    5598.116771    
8345.968175    5501.279754    
8228.275150    5497.680516    
8179.563275    5540.801189    
8177.455575    5596.532939    
8257.675500    5487.797174    
8207.150525    5557.429409    
8190.426800    5516.535721    
8317.648650    5476.119616    
8406.457100    5711.575759    
8306.134950    5598.373419    
8173.468075    5454.961132    
8283.711825    5504.530859    
8188.029750    5453.429407    
8188.674125    5444.281696    
8332.833350    5517.852332    
8355.285625    5488.753143    
8240.913775    5533.820729    
8299.416400    5493.464442    
8160.587525    5490.710859    
8203.438850    5550.047002    
8234.260500    5479.542749    
8221.420500    5450.898200    
8379.538775    5677.598728    
8206.814275    5524.316266    
8247.850400    5492.198682    
8312.317225    5516.830737    
8227.044750    5439.923708    
8315.677000    5475.193620    
8373.580650    5683.663758    
8177.305850    5553.188781    
8178.580925    5551.373460    
8201.852850    5488.733748    
8269.757775    5558.975164    
8168.177800    5433.973451    
8195.398950    5445.037425    
8283.184275    5542.963500    
8247.182400    5451.588645    
8193.991075    5400.641612    
8204.739500    5473.854747    
8234.214500    5599.241943    
8138.348100    5543.756476    
8247.060825    5525.577276    
8312.144300    5560.931554    
8223.780200    5526.827231    
8187.078225    5499.563688    
8232.401525    5505.120296    
8213.608175    5509.749642    
8290.028375    5532.149153    
8151.826025    5498.564617    
8179.893000    5446.542016    
8272.917425    5494.834295    
8330.624875    5647.178991    
8344.904025    5610.014366    
8235.960300    5457.986897    
8279.116675    5499.864142    
8210.701875    5563.549838    
8376.102625    5531.439539    
8380.800650    5503.051437    
8463.100875    5625.751443    
8360.964575    5669.565669    
8304.651950    5598.791140    
8419.873825    5417.507713    
8290.480650    5483.536663    
8318.070200    5513.510319    
8366.208100    5537.544245    
8319.608700    5490.252573    
8248.492000    5520.288496    
8255.745300    5505.368521    
8168.644075    5521.736342    
8255.996875    5452.645951    
8386.376125    5538.116141    
8190.641075    5540.432043    
8421.087575    5534.536674    
8213.131950    5503.307967    
8161.846550    5507.959353    
8522.786175    5663.091136    
8312.707575    5551.102851    
8422.147350    5601.949185    
8418.180450    5507.850427    
8254.391725    5578.901986    
8404.082050    5617.865233    
8267.011175    5507.230592    
8218.837175    5490.735009    
8347.947675    5492.650317    
8317.849375    5503.760617    
8299.085975    5484.018419    
8219.665250    5497.023713    
8259.578800    5461.282256    
8312.277975    5509.739500    
8265.514625    5627.582935    
8461.622950    5663.750172    
8310.250600    5600.258302    
8302.798250    5474.462920    
8290.125700    5505.777475    
8380.580000    5742.338664    
8361.765225    5592.543139    
8485.369375    5584.223423    
8530.822675    5662.565428    
8439.792075    5606.572071    
8264.116825    5558.247628    
8405.221250    5543.833392    
8405.548375    5708.834711    
8362.688825    5553.030105    
8401.723725    5563.744859    
8306.471175    5478.387870    
8427.339600    5630.963116    
8342.981800    5563.329504    
8313.486000    5498.926075    
8288.243025    5456.777934    
8618.882550    5820.353015    
8419.145750    5627.058367    
8351.679000    5598.710794    
8210.274625    5512.250760    
8498.402950    5646.096182    
8198.979125    5554.281037    
8199.566575    5538.848974    
8506.455525    5673.919453    
8380.098050    5729.196421    
8415.790475    5589.997525    
8300.044175    5518.985480    
8570.830450    5662.861838    
8338.576400    5506.788353    
8894.719650    7105.848308    
8355.582925    5519.210354    
8336.419975    5657.963886    
8345.027100    5563.580691    
8316.546825    5586.716779    
8379.709125    5603.218743    
8347.672500    5636.983907    
8307.320575    5674.729793    
8463.831550    5649.628506    
8423.374250    5543.754428    
8336.324925    5697.878115    
8267.585425    5601.107847    
8284.879475    5563.256797    
8192.864425    5639.980235    
8339.564950    5557.560599    
8208.192850    5470.423785    
8243.832450    5545.663870    
8320.933600    5535.282266    
8282.934025    5671.370936    
8317.229975    5576.094039    
8201.681225    5433.869732    
8434.243700    5652.502702    
8304.226975    5505.769203    
8339.636900    5631.305998    
8257.041400    5568.430726    
8399.951525    5703.987032    
8240.609000    5568.270131    
8405.059900    5657.077963    
8442.495375    5588.051906    
8262.652450    5564.910376    
8322.651425    5521.644646    
8343.238075    5561.103750    
8434.203150    5577.051321    
8247.685950    5504.821059    
8405.324875    5666.260029    
8254.697950    5520.186145    
8322.086325    5566.204380    
8304.393725    5617.143288    
8224.199550    5551.268293    
8336.541100    5578.527735    
8242.032225    5497.466914    
8354.868525    5628.421761    
8422.028225    5526.094326    
8482.762225    5639.203926    
8374.259325    5592.894296    
8257.267800    5499.322277    
8216.441975    5598.247078    
8297.906800    5629.410600    
8518.441675    5869.294291    
8306.206700    5631.489849    
