8.159677    1.559276    
0.999988    0.001122    
1.000034    0.001068    
1.000029    0.001070    
1.000030    0.001069    
0.998968    0.032842    
8.291924    1.210622    
8.316708    1.139551    
0.998943    0.032989    
8.360775    0.976869    
8.317517    1.163576    
1.000058    0.001057    
0.998872    0.032838    
1.000023    0.001125    
1.000010    0.001091    
1.000042    0.001094    
8.347337    1.037502    
8.226775    1.364662    
0.999977    0.001126    
8.394794    0.849744    
8.222840    1.386491    
0.999999    0.001074    
0.999994    0.001060    
0.999997    0.001112    
0.998925    0.032984    
0.999925    0.001116    
8.322699    1.119055    
8.261637    1.329646    
1.000015    0.001128    
8.382707    0.918036    
8.239953    1.321032    
1.000003    0.001117    
1.000035    0.001109    
1.000050    0.001127    
1.000043    0.001088    
0.998974    0.032749    
8.306719    1.168278    
8.281991    1.260845    
0.999017    0.032776    
8.390985    0.884345    
8.287601    1.257752    
0.998914    0.032804    
1.000002    0.001101    
0.998944    0.032844    
1.000103    0.001105    
1.000016    0.001136    
8.312662    1.142255    
8.259862    1.323586    
1.000013    0.001108    
8.390209    0.859453    
8.252325    1.327060    
1.000002    0.001105    
0.999985    0.001108    
0.999985    0.001111    
0.999971    0.001073    
8.362551    0.981750    
8.248813    1.349016    
1.000057    0.001133    
0.998995    0.032744    
0.999951    0.001140    
0.999945    0.001100    
1.000033    0.001107    
8.353591    1.025134    
8.266009    1.301006    
1.000010    0.001104    
8.322987    1.120757    
8.230311    1.407535    
0.999966    0.001141    
1.000034    0.001140    
