	3.9790564	3.9389663	3.790592	3.9082575	3.9291418	3.9679556	3.9332147	4.0044947	3.918274	3.8293622	3.803127	3.878176	3.860201	3.842949	3.5432422	3.8930323	3.6833186	3.729812	3.786694	3.6440108	4.0335755	3.8782299	3.9527664	3.8623896	3.7934437	3.9179351	3.7013402	3.9404283	3.9677918	3.8022275	3.694551	3.9276593	3.730366	3.6568744	3.9143968	3.7499716
	3.9771097	3.7376916	3.9888783	3.7499387	3.873519	4.0276213	3.9762552	3.7480412	3.8292277	3.8591146	3.9109719	3.9723206	3.9317565	3.9463425	3.9601772	3.699477	3.793834	3.976015	3.6137545	4.014566	3.9473925	3.997344	3.9198205	3.9809742	3.8333256	3.9097974	3.7092788	3.9208176	3.653516	3.9760787	3.4343283	3.8164492	3.8169875	3.6122544	3.8086734	3.8338132
	3.8688955	3.8245254	3.8293219	3.9270422	3.7048075	3.718538	3.7539055	3.8333151	3.7794135	3.9389086	3.93816	3.9024184	3.7590644	3.7445705	3.9305327	3.9297047	3.7489092	3.9221642	4.0139866	3.6252162	3.9147685	3.92309	3.946765	3.9787872	3.929101	3.7108574	3.8070102	3.9268453	3.9200149	3.9382102	3.8705459	3.8607774	3.8648834	3.8238976	3.9400122	3.866753
	3.9273791	3.928066	3.9254415	3.5029097	3.9396627	3.9719243	3.9924626	3.9313583	3.9093788	3.8583329	3.8242812	3.9463446	3.7569854	3.823811	3.822443	3.9296207	3.6432114	3.7912128	3.6428924	3.9173496	3.8264854	3.8741612	3.8686762	3.865615	3.9233859	3.8770542	3.768281	3.9369094	3.6964269	3.8089118	3.8240635	3.804585	3.9512453	3.8133783	3.9370086	3.879569
	3.9772477	3.7504826	3.921615	3.7151241	3.8860078	3.85098	3.877603	3.7390473	3.9400377	3.7545204	3.810325	3.8988323	3.9831822	3.782202	3.9299595	3.9287689	3.762498	3.671593	3.7046392	3.954356	3.93165	3.9350865	3.8562276	3.9488666	3.866424	3.7343326	3.8741968	3.57695	3.980194	3.686547	3.8217292	3.8326788	3.905997	3.7885358	3.9910893	4.035608
	3.9344802	3.7613373	3.9569077	3.9722457	3.5169182	3.8176928	3.7345128	3.9646661	3.8400986	3.8659596	3.814925	3.7723026	3.936641	3.8647668	3.9200819	3.757834	3.9250245	3.9426677	3.5893087	4.001361	3.8161523	3.9586127	3.9565372	3.8519795	3.9448547	3.7246907	3.9473877	3.9919012	3.847163	3.5903723	3.8176408	3.8115866	3.926836	3.9404697	3.957575	3.8606594
	3.8266602	3.9543834	3.977415	3.9765482	3.9551377	3.8148313	3.8597152	3.87506	3.7807937	3.9124146	3.8168774	3.9262872	3.703868	3.931746	3.9278715	3.9582417	3.8650036	3.8684433	3.7482011	3.858644	3.501864	3.831623	3.7657745	3.8909276	3.771852	3.985735	3.7271733	3.918753	3.82081	3.970518	3.828994	3.944955	3.8520558	3.9700582	3.932821	3.9376938
	3.8483868	4.000132	3.9725947	4.026592	3.910345	3.9636896	3.8843775	3.7650738	3.4556808	3.9037151	3.97674	3.9437065	3.905412	3.6671033	3.890159	3.7732213	3.9270732	3.6577992	3.7732244	3.6222365	3.7521348	3.8574188	3.940411	3.7911112	3.5268803	3.857425	3.7775428	3.9131165	3.9022126	3.7492292	3.8058753	3.9360378	3.818047	3.9823053	3.9383457	3.5144658
	3.938459	3.5703197	3.6377964	3.9360569	3.7786665	3.9501433	3.9192398	3.9363935	3.7271812	3.7682118	3.8393388	3.9934158	3.883436	3.9232917	3.9311478	3.8244133	3.9303443	3.828126	3.974443	3.9857569	4.0061307	3.9750998	3.9543798	3.9394853	3.778197	3.9203765	3.929042	3.9774232	3.7233334	3.9584966	3.9267635	3.746596	3.873295	3.9283788	3.931473	3.9666
	3.6249056	3.943573	3.9222035	3.9382732	3.4786127	3.857688	3.9456306	3.758535	4.0133944	4.0187273	3.8168867	3.9413567	3.724704	3.977439	3.765099	3.9422545	3.913744	3.932385	3.8162267	3.9032753	3.85095	3.878649	3.8565085	3.6893046	3.826898	4.024353	3.958162	3.9652805	3.7098634	3.9152632	3.8815508	3.8109055	3.8472648	3.9016526	3.9649231	3.8687954
	3.9367738	3.8236036	3.718965	3.6521327	3.8765132	3.8589299	3.7659738	3.9358056	3.896701	3.753739	3.8883736	3.5286646	3.951973	3.8146615	3.9873214	3.9059603	3.6311932	3.6711912	3.9820862	3.9657726	3.7981124	3.5260477	3.9860406	3.8730083	3.9856665	3.8040957	3.9377794	3.8320084	3.6949248	3.7637606	3.9584637	3.889803	3.8082514	3.958417	4.068665	3.91394
	3.9863362	3.973403	3.9680176	3.8142447	3.81412	3.863568	3.8164532	3.98119	4.0687804	3.9358752	3.9327362	3.8496525	3.9209032	3.972198	3.8580475	3.6899786	3.8346298	3.700464	3.8841486	3.7578793	3.9320326	3.932074	3.8587642	3.5510263	3.9225738	3.815914	3.816026	3.9679809	3.8030794	3.6987576	3.9595559	3.8107631	3.5895653	3.9163218	3.9229808	3.809172
	3.7517982	3.736198	3.7901173	3.6467197	4.015338	3.9639506	3.8213642	3.838033	3.8267326	3.9361448	3.9402425	3.8390915	3.831577	3.8952498	3.6942964	3.969345	3.8586862	3.7128623	3.74388	3.8695247	3.9218435	3.9496832	3.7623253	3.8970783	3.8409336	3.9212563	3.9790924	3.87435	3.3837168	3.9378078	3.6991565	3.8656936	3.9321673	3.923033	3.9336963	3.6717954
	3.8054872	3.640431	3.8285553	3.7236063	3.926488	3.9207928	3.9178472	3.9160664	3.8873668	3.809589	3.835146	3.9200926	3.5416737	3.950676	3.8998759	3.8574774	3.8435674	3.9295266	3.9362736	3.8828506	3.83898	3.9704626	3.8015552	3.8236964	3.9717362	3.9188807	3.7794027	3.7387414	3.9329224	3.9392471	4.071563	3.8639262	3.9438543	3.9344358	3.8181841	3.9563117
	3.9644973	3.7571235	3.9463317	3.8494358	3.8371105	4.0184655	3.97757	4.0009556	3.977979	3.9617023	3.7205946	3.77535	3.8754532	3.9093888	3.81902	3.9663131	3.8586125	3.606051	3.8631659	3.5797677	3.9877577	3.7400415	3.8591847	3.9775753	3.7499676	3.9967356	3.9022973	3.9789515	3.7323303	3.9679046	4.0302324	3.9707615	3.9477336	3.9670823	3.9579856	3.9267154
	3.9768047	3.6266015	3.73858	4.1210423	3.6947632	4.005082	4.040041	3.971582	4.0126386	4.010687	3.960257	3.7843578	3.9397144	3.967242	3.8704853	3.7539883	3.9224074	3.994913	3.964328	3.8609192	3.7790265	3.9811492	3.9896085	4.0392566	3.7475204	4.000149	4.031672	4.0076385	3.9755137	3.8785462	3.8528662	3.970569	3.9574442	3.8583684	3.9003956	3.7303457
	3.927134	3.9578521	4.049405	3.6858773	3.8669124	3.9108796	4.0073752	3.9905472	3.7766302	4.044014	3.980447	3.911514	4.0477114	3.9165568	3.9545555	3.8789911	3.8984776	3.9026134	3.87583	4.0258083	3.8603485	3.9598398	3.988941	4.0212307	3.9747198	3.993717	3.774766	3.973066	3.9916122	3.8283823	3.747655	3.8450408	4.0099998	3.6301293	4.019994	3.9469635
	3.997786	3.889719	3.958946	4.011993	3.8417547	3.9688025	3.9854894	3.970193	4.036148	3.523279	3.960679	3.6748135	3.9838858	3.8787217	3.862039	3.8683803	3.9552069	3.792112	3.920832	3.9252706	3.875846	4.042191	3.8601065	4.066996	3.7197652	3.8869328	3.7930257	3.838262	3.8699055	3.9759629	3.7501695	4.0167055	3.9808288	3.9437246	3.9917288	3.8625174
	3.990094	3.9752553	3.9936478	3.8674383	4.013078	3.68382	3.61777	3.9629624	3.979865	3.8018894	3.9944022	3.6481652	3.6928806	3.7943056	3.8704052	3.923676	3.8746958	3.92604	4.0206747	3.9097304	3.9855351	4.0010066	3.8656642	3.7746942	3.8819127	4.0157285	3.8057225	3.9796276	3.9791906	3.8937879	3.8141809	3.8501735	3.9585257	4.0203323	3.8606517	3.6948636
	3.8970418	4.075285	4.072329	3.9722962	3.938235	4.01214	3.9162884	3.9600906	3.8831935	3.9564698	3.8598583	3.9223657	3.9648788	4.002492	3.9825933	3.7477696	3.9898646	3.9850738	3.9570594	3.8461292	3.9614787	3.956512	3.877349	3.7134268	3.9711816	4.000796	4.034512	3.9753149	3.891657	3.875751	3.8554883	3.9523351	3.5209274	3.837176	3.6897879	4.028693
	4.0363445	3.9615345	3.8740823	3.8696797	3.9106715	3.956922	3.6639104	4.0164957	3.7891018	4.0154605	3.9341745	3.9656887	3.9840403	3.7840304	3.945196	3.7953103	3.9845455	3.7684858	3.872766	3.9170678	3.6822205	3.981878	3.9776886	3.75357	3.9986591	3.855549	3.916847	3.9679148	3.909503	3.9887946	4.117529	3.7901301	3.9912791	3.9794831	3.7928047	4.007029
	4.0315533	3.9783137	3.8959827	3.6170847	3.9746184	3.8737233	3.9294255	3.9926703	3.9186077	3.7938387	3.6923785	3.8706884	4.027759	3.6933858	4.0268183	3.9640324	3.6378763	3.9761753	3.8460195	3.987001	3.873063	3.7489429	3.7561133	3.8917031	3.9010925	3.9360616	3.8581793	3.898564	3.9143012	3.9570851	3.8739562	3.8036833	3.8117826	3.8874283	3.9501913	3.9723094
	4.013164	3.5705028	3.9430664	3.854354	4.0210533	3.9610963	4.0202847	3.544619	3.8718445	3.9920614	3.8708882	3.7492442	3.985226	4.022548	3.8001595	3.887068	3.8583796	4.059674	3.9277143	4.02089	4.0255103	3.870399	4.0264163	3.9655614	3.773515	3.81631	3.7617629	3.9015129	3.8599315	3.8858697	3.8311875	3.767046	3.8710265	3.9741113	3.6909585	3.9600184
	3.7937093	4.016145	3.9889872	3.7753682	4.018572	3.8908756	4.0054398	3.912252	3.954195	3.794608	3.8253372	3.9819355	3.8965373	3.9439285	3.534111	3.8648264	3.9827814	4.039776	3.9711366	3.5910785	3.7643669	3.9879074	4.022117	3.7769575	3.9738657	3.9055767	3.757065	3.7593074	3.8579814	3.8978522	3.9426658	3.657406	3.968496	3.8633056	3.906091	4.0260577
	4.0532613	3.9737868	4.0637116	4.0170646	3.708281	3.9066076	3.950272	4.0042896	4.00227	3.9758723	3.9922805	3.813217	3.7587516	3.790604	3.856598	4.037506	4.026347	3.9789546	4.0140915	4.005785	4.008826	3.9830806	3.9849262	3.9966054	3.8060548	3.8802276	3.6026466	3.9657547	3.9803956	4.0138316	3.7822623	3.8650732	3.9548364	3.8487315	3.9756033	3.8763754
	3.9799027	3.8756464	4.018927	3.7036011	3.8650198	3.8848958	3.7605946	3.7602675	3.985638	3.9587398	3.8796582	3.8661513	3.86384	3.9357104	3.9633524	3.9490962	3.9725022	4.0474787	3.9551268	4.0213532	3.868739	3.9475722	3.9627292	3.9503748	3.8649054	3.949585	4.067817	3.764936	3.61761	3.9633942	3.986711	3.9656184	3.7614741	4.022288	3.5902154	3.9727077
