609.179372    1218.389776    
758.598508    3308.053133    
733.277623    911.836475    
691.017233    939.145506    
957.240741    1816.421281    
792.558179    972.696232    
755.870113    901.328109    
780.945010    1249.928006    
1071.185957    1674.057013    
726.575669    1220.840381    
897.949691    1005.223734    
930.637963    932.379022    
878.923148    996.070730    
1015.323868    1114.445511    
809.201955    1089.610867    
996.184928    933.177326    
801.162757    930.581525    
911.194907    1000.035182    
1018.934979    944.593816    
1252.071759    1908.818648    
1069.080401    953.233225    
923.696039    940.315020    
970.243570    1081.153088    
1081.207510    1061.937105    
912.041821    938.179635    
1077.059825    946.853253    
1291.161008    1378.249339    
1283.247891    3119.797843    
883.975823    1046.079490    
831.192541    1277.930722    
1065.108796    924.526023    
922.079990    1013.403567    
855.332253    932.048075    
1050.406533    944.434436    
1442.468673    869.561952    
862.054475    2791.694302    
1102.468004    982.809200    
1261.491564    4528.164358    
863.395679    939.058395    
864.578961    955.307139    
816.425617    1509.192724    
652.162603    1257.696632    
853.283848    950.488921    
802.853704    926.278527    
973.690741    976.172906    
844.802675    981.409378    
1314.222377    2854.071456    
1244.917490    1903.192322    
617.362294    970.467330    
1030.254012    1443.122959    
825.027984    998.789586    
1011.492078    1155.289821    
907.207305    932.945722    
1111.137860    943.853589    
959.968467    945.191765    
947.394856    1232.497328    
947.320422    1128.254472    
1041.946553    910.237981    
954.426235    945.766441    
1103.659156    915.764238    
913.497891    984.841935    
840.024280    950.607886    
804.898714    956.884971    
1183.361265    914.710994    
1258.855350    1121.924298    
1322.944084    911.714477    
990.262706    1194.685672    
1057.894599    1193.037422    
1271.541667    867.562556    
612.197737    1593.189208    
1088.977315    1116.544065    
1014.982973    916.271740    
1019.220422    1214.507962    
1142.263272    1125.591271    
1215.088735    882.663060    
844.142490    1198.703228    
1072.398457    929.357978    
1339.544547    907.948608    
707.663477    884.070688    
963.210237    962.912121    
967.063889    956.319534    
1046.072891    928.629868    
1143.986831    2080.578763    
926.286831    944.813646    
1274.561368    865.307337    
779.925874    2273.836660    
770.308642    989.759157    
950.698663    944.032742    
965.653292    917.736068    
1117.484877    915.482055    
869.765123    936.591905    
781.319033    935.057423    
991.744805    1130.723226    
738.189866    920.645028    
813.906224    1012.482243    
1098.913632    919.075984    
1072.461265    937.506669    
1120.905761    915.174921    
1143.402058    931.990470    
929.931790    974.364033    
1001.043724    930.948107    
1086.436523    890.154195    
1157.690381    1010.427475    
1251.558230    863.829311    
954.784774    932.160077    
1163.855247    903.778660    
925.582099    1176.125264    
1185.246914    1156.023887    
737.585545    891.283306    
1150.143776    2053.714707    
974.254372    960.854909    
859.642027    948.192519    
1109.840638    1963.362019    
1036.590741    1342.751617    
889.633179    951.024505    
846.282356    914.882348    
1084.704167    930.482820    
939.333591    974.723733    
1101.776337    3807.297845    
1101.164095    931.301737    
994.862191    1796.492625    
1150.904938    927.300009    
994.322737    1000.465199    
1320.107819    1306.585553    
1273.613323    861.021122    
1173.799691    863.875542    
995.629887    958.632537    
950.227058    2035.705071    
1193.664969    906.401898    
1162.651800    908.871230    
1295.901903    3002.646967    
1158.467284    2185.879314    
872.437551    911.743514    
1549.892644    5991.171716    
1279.954270    881.003836    
1064.131019    1130.774690    
940.583693    1055.595773    
938.902572    1824.144087    
1182.601955    1068.792472    
1059.194342    1123.349677    
949.630607    932.913410    
985.501595    1127.284519    
1380.355607    2274.180150    
1016.477160    965.220566    
1195.930864    1396.709187    
851.716821    937.382054    
1359.600977    828.494567    
1050.084619    1433.902178    
698.535545    1020.684747    
901.134568    1157.618806    
1325.278344    946.351949    
980.373354    3121.966905    
844.126595    945.166629    
1086.808488    1594.891764    
1160.256327    1874.257432    
1171.430144    2570.612406    
990.723251    974.449935    
1356.369650    2013.605727    
1345.277006    1997.014934    
1211.076235    876.556878    
1116.641872    1064.341289    
1130.444187    1309.094875    
1288.018056    927.498777    
868.184362    1190.424470    
1165.051183    1802.991978    
933.601286    928.478424    
1305.802881    1933.978979    
1414.123817    2805.815406    
1098.860237    991.074143    
1111.894753    1263.906830    
1270.742490    1589.903766    
922.568776    921.838939    
1213.183025    1331.636966    
1052.426440    1868.171125    
1131.914352    901.613835    
887.599691    1643.828783    
1430.872685    2426.345576    
1210.174846    1824.726870    
1026.628601    1079.869028    
1237.443930    1560.857887    
1585.224897    1715.177926    
1267.167130    1684.881797    
970.026852    1405.832093    
940.897737    1488.001506    
885.864249    971.185145    
1308.027315    3837.705966    
1234.605556    2029.338868    
1182.755041    3522.596049    
1185.836574    2036.673271    
1124.048560    1008.948452    
1279.310905    866.062210    
816.168981    1511.447672    
1157.602418    885.919717    
1300.044136    1377.561699    
1183.179372    1520.843258    
1318.676852    1366.459876    
1286.168981    1580.622872    
1275.404321    1635.734916    
1364.453086    2165.009888    
1037.574486    2359.442650    
1461.837037    2153.592428    
1012.311831    1109.998168    
994.187603    1481.334785    
1245.912654    2171.140686    
1266.878086    895.101279    
1276.014506    1148.644024    
937.517181    920.151856    
934.043467    947.401492    
1091.969033    1167.305473    
864.424537    941.307469    
1210.052006    980.608523    
1481.506636    3849.726766    
1076.527006    2713.268032    
1036.111934    949.825896    
1047.211780    924.030686    
1301.975874    2314.320007    
1220.148302    895.605578    
1004.299177    940.456542    
1072.963735    1133.975296    
1139.195782    1578.522610    
1098.071811    1397.853912    
1149.638066    2035.565507    
946.995319    955.495639    
1245.049280    1306.627297    
1130.048302    2392.397436    
1041.102881    1754.532496    
1183.423251    2637.078445    
756.254733    919.215428    
775.653807    1086.494753    
1258.123817    2306.695361    
1151.669856    1271.187480    
1272.280195    1203.244690    
992.952675    2353.772974    
921.208179    912.460318    
866.392850    1272.315392    
1223.428086    1634.560741    
881.379733    933.448855    
1120.617953    3134.638887    
1162.866615    1705.077101    
1080.160854    1211.326451    
1228.203961    2812.993726    
1000.763220    1006.459045    
967.204372    944.192398    
1005.431944    943.925788    
1339.404835    2185.933939    
1090.713580    1085.534084    
1144.324280    1616.759465    
1356.963889    1011.351733    
1070.011111    2000.437398    
865.884362    1140.467351    
1218.716512    992.330859    
1126.308745    1720.613380    
1039.889609    2205.233383    
990.199691    927.792634    
1447.249126    1737.274241    
972.707305    921.581971    
781.287757    1379.753523    
880.933591    1082.213744    
1215.480041    2042.665734    
1058.229167    1865.299842    
1344.592901    4134.739902    
1381.688272    2330.193752    
953.627572    1430.947505    
1289.399846    1451.434893    
1460.825257    3955.485521    
1401.133591    3977.023209    
1175.662037    1960.434211    
1573.647582    2299.639491    
1450.070833    4676.662256    
1154.218981    2259.435533    
886.357356    1627.751344    
1134.019084    1666.442203    
1453.770782    2046.344466    
1110.460082    2890.954949    
1063.642644    1224.623923    
1355.979733    3711.884894    
778.855967    1625.360839    
1177.979115    2425.599536    
996.533899    944.773391    
925.481070    1043.864640    
1158.182819    1359.490552    
929.258848    2142.906446    
942.694805    958.944818    
1208.474228    2584.835017    
1353.409568    3417.462714    
1115.097737    2804.134987    
1223.316924    3278.803545    
847.260442    1044.920160    
974.141049    1176.630651    
1253.594393    1355.755807    
1388.157716    1377.282518    
1088.812603    1094.283926    
1155.441358    1980.593148    
943.364352    1150.728800    
973.834979    2342.154473    
956.376543    951.664453    
1221.728138    2339.641842    
1297.658539    1594.084009    
1257.631276    1342.306107    
1079.183951    978.119746    
1080.940741    1438.825299    
1136.580401    3442.218140    
1422.643827    4412.529336    
1098.113786    2344.947596    
1495.624846    2560.845382    
1090.326183    950.720774    
898.601852    1491.904797    
1449.437500    3295.041844    
1378.664712    2262.221338    
1113.522891    976.083367    
968.839712    1312.977606    
1407.033076    2822.786729    
1280.422891    2519.160147    
1067.915586    1738.781548    
873.281687    996.626638    
1242.094136    3408.177963    
1694.945679    3177.998071    
939.732047    907.693711    
1115.223560    1820.721478    
1105.550823    1362.938947    
1315.281996    1599.160789    
1295.594702    2745.017336    
1546.848765    5023.270260    
1122.960648    942.023956    
1147.435494    1755.289295    
1364.738014    1738.098009    
1260.165689    2683.319082    
1224.200772    1785.392315    
1247.297274    1258.950727    
1244.659979    1698.063760    
1077.480813    1527.402919    
886.948560    1275.515297    
1272.827315    1621.680085    
1400.939609    3305.761996    
1097.000412    1036.877466    
1079.587706    1803.847508    
1170.412397    1964.776617    
994.700309    1253.065435    
968.874228    2545.934881    
1044.851852    1851.879987    
1569.222016    2903.699468    
1381.489712    2314.467328    
1236.501132    2612.733638    
1653.744033    4459.452509    
975.154784    1350.655801    
1101.781944    1942.957550    
1361.772119    2466.628779    
1157.438117    969.768893    
1161.908128    2122.159717    
1064.483796    1553.657374    
1487.466975    3169.147749    
1033.681019    1153.531532    
1166.272068    3209.754839    
1276.366101    2218.701686    
1114.297942    934.261866    
1317.534053    1575.351162    
1175.980658    1021.905564    
1255.777160    2196.269505    
1473.345782    3838.102268    
1213.720113    1406.421509    
1281.948868    2195.194648    
1287.780041    1180.818906    
1110.403292    3912.297109    
1194.451595    1195.174694    
1262.815226    1044.121084    
1367.453909    1774.278422    
1151.020988    2390.425041    
1119.137191    1972.095369    
1382.679681    1975.277920    
1223.728395    1702.504620    
1288.119393    1471.359746    
1391.221142    1166.085589    
1251.470833    885.827729    
1356.575412    4348.811342    
893.831687    1507.556970    
1307.205658    1558.874422    
1105.629424    1569.979516    
1420.983179    3233.237608    
1072.492027    1078.170001    
1348.557510    2238.214839    
1231.105916    1570.252346    
1521.762346    3343.406770    
1301.916718    895.465881    
1404.607922    3154.866296    
1041.898354    1641.997595    
1213.002521    1179.934223    
1417.447428    1743.434415    
1335.746348    2555.219423    
1383.786111    1909.794242    
1088.750257    1507.650153    
1550.188014    3571.728883    
1228.457973    1357.936301    
1412.785340    1683.767016    
1103.742335    920.109348    
1469.042284    1486.998612    
1704.288889    4614.318841    
1173.601132    1539.025343    
1312.874486    3076.753290    
1166.493776    2275.762690    
963.587140    1080.045561    
1171.660854    940.661076    
1472.109105    2376.626123    
1285.371502    2495.700923    
1080.914095    952.414003    
934.513889    1547.609298    
1208.578138    909.610703    
1521.328807    3058.357262    
1302.160751    903.797897    
999.969753    934.582753    
1392.253961    2778.626029    
1181.512912    1455.175179    
991.612346    931.364614    
1386.436523    2425.409031    
1108.888940    1406.299412    
1219.827521    1792.115010    
1155.970165    1589.864571    
1521.195628    1887.696061    
1011.364609    1815.451435    
936.747788    2161.581035    
686.987603    904.669159    
1265.965689    1253.046511    
1386.488889    2637.820943    
1283.984414    1856.304771    
1328.560237    2432.221419    
1383.892644    2433.994631    
1685.258642    2592.540425    
1062.368519    904.102930    
1629.461265    2661.191414    
1662.066512    5324.117078    
1139.095062    2316.559536    
1568.896451    4443.374952    
1353.871502    2174.839618    
1530.411111    2303.330875    
1223.977984    1683.477519    
1491.358025    3034.288555    
1552.623200    4195.697513    
1317.315586    2674.561588    
1087.247377    916.970443    
1417.259619    1416.500860    
1422.628549    2660.233722    
1606.753241    2368.925159    
1360.553704    839.163978    
1491.679321    3757.632794    
994.138837    1084.554215    
1197.811060    3463.576408    
1331.323508    844.374184    
1143.410494    962.909761    
1032.545422    1613.458525    
1464.977160    2679.629407    
1124.454990    1397.055130    
1262.449331    1059.393325    
1733.704424    7148.125464    
1399.409619    2248.316296    
1240.437654    1160.181899    
900.607459    1430.193915    
1213.372119    897.695207    
1323.370525    2248.583801    
1001.342284    1313.010231    
826.627675    1308.626357    
1335.532819    3116.919927    
995.866924    1258.317744    
917.786883    1009.359189    
1738.564918    3088.854013    
1350.143827    938.216217    
1341.915998    2778.634549    
1235.713117    1615.150634    
1211.457819    1379.169706    
918.847891    1765.328117    
1364.983642    3615.644075    
1037.434671    1032.492327    
1078.496759    904.659896    
1403.147685    3409.618832    
1200.539455    1023.941901    
1133.623868    1021.260900    
1164.003189    1808.519979    
1247.213632    2617.908071    
1304.259568    1770.925847    
1242.527006    2146.369995    
849.620473    1492.625379    
1116.587449    1314.480291    
898.812243    1405.762154    
1386.244907    3607.225970    
1610.142078    5771.464246    
1011.913940    1574.834254    
981.345267    1114.832286    
896.893261    1256.558602    
1556.252932    3371.874562    
1170.707202    2341.533063    
1208.666924    1101.930709    
1133.033951    1707.138160    
1579.579578    2647.044156    
1193.159311    3373.464564    
1308.855350    2720.057400    
1163.128447    1704.407513    
922.278704    1894.481434    
1193.759722    2476.047435    
676.357510    937.170981    
1454.955144    4900.080018    
1069.746811    913.404731    
1244.297479    1207.044844    
1505.194084    1926.885414    
1267.634053    2626.293013    
1120.893210    1731.946249    
954.779475    1748.507273    
1316.308230    1432.732629    
975.269084    923.641955    
1068.187654    907.552127    
770.439249    946.574095    
846.331893    947.894459    
983.167387    980.779876    
1192.684311    1317.391125    
1016.390844    3565.876902    
1092.794599    979.109640    
1261.441409    3805.231763    
1122.268724    2041.974458    
1061.418570    955.524639    
877.259774    965.388124    
1362.227829    2438.309627    
932.840123    1361.290071    
925.667953    1017.829762    
883.582459    2352.795415    
989.997582    1323.718867    
1257.847119    876.371625    
1169.351852    3638.000871    
890.873302    954.345317    
980.556636    947.300474    
1517.973971    4297.542060    
1195.730710    1675.836820    
1265.014609    1788.014518    
1187.430916    1605.183513    
1203.159465    1285.247042    
1101.656584    1175.097641    
1199.946142    3301.743710    
926.602726    1131.231638    
1342.524794    4857.521832    
1285.173302    2588.245380    
1411.117490    1730.510191    
813.317901    1747.560874    
990.034722    906.608564    
1256.471348    1018.516173    
834.112449    931.085830    
1192.244959    2505.485155    
1422.582407    2073.388461    
1152.262809    888.801827    
1129.683179    1148.339344    
963.801595    1173.549601    
1107.979990    2287.504584    
1093.277366    897.630964    
1264.103549    2232.815323    
1192.819547    871.206556    
1248.469342    888.139517    
1101.268364    1241.259682    
1221.949691    2207.796496    
998.127006    1129.234814    
1079.372788    1566.969687    
1244.112809    2094.371926    
1309.148148    843.977015    
1297.950206    2644.762189    
1410.759619    2027.404152    
1639.846605    2575.448648    
1290.238683    2567.234794    
1204.892438    2069.605976    
1093.906019    910.853579    
1249.253344    2542.202269    
1003.464815    969.453951    
1408.885391    2586.895873    
1298.429938    2216.121056    
1052.042233    914.001530    
1688.944599    5506.314640    
1151.191770    922.032589    
1290.732922    864.178697    
1201.646193    2582.598078    
1151.009259    2256.330378    
973.792850    1510.409608    
820.769805    930.776692    
1174.030401    1810.528652    
1255.562294    1874.407070    
1096.466821    1216.329709    
1195.758025    2492.770498    
1150.992027    1340.464679    
828.657562    896.562404    
875.022942    939.921872    
1245.172737    1610.199002    
1096.675874    977.434441    
1199.100617    1942.642277    
1041.171039    945.672864    
926.917541    1022.576676    
1067.296811    1885.990658    
895.467078    1353.657293    
917.166358    1292.645927    
820.772222    947.603907    
1087.276235    1153.730846    
836.458179    952.927282    
1179.350154    865.300847    
1069.862654    989.823163    
1016.826852    943.907270    
1136.055350    1996.843552    
1193.862757    2551.156325    
1077.278086    1875.380518    
1255.970062    878.783605    
1209.149383    1564.929451    
952.542901    1130.994196    
1580.788529    2717.793255    
1120.061677    3678.709703    
1060.650103    1385.107115    
1076.144753    894.930005    
1465.835082    3577.161090    
1218.226440    1347.082012    
1012.900103    924.876383    
1430.363169    5594.420515    
1190.212757    939.878014    
1028.670833    1313.235138    
1096.628292    4314.979319    
1109.718004    989.103042    
986.183385    913.163222    
897.958848    1240.472246    
1110.394136    911.543685    
776.698148    1001.207379    
975.868364    1568.433498    
1158.037449    985.504890    
887.426337    904.562394    
1085.539043    989.352688    
1229.739249    3102.492701    
1069.303241    1081.804295    
817.270319    923.482458    
1003.341872    1205.740320    
1181.905350    2662.517917    
1104.890278    1411.464403    
1175.118158    1804.218112    
1092.534774    1203.892124    
934.651286    890.865835    
1077.942541    1924.041341    
1042.621296    1962.494792    
1115.112191    902.209190    
1108.457356    935.477689    
1238.839815    1106.709474    
1063.580401    1154.258482    
1314.855401    2869.867390    
1030.748508    1394.900429    
1366.559979    2538.268780    
1178.551132    1270.147480    
869.722788    925.083300    
900.935391    1227.457634    
1129.055864    1786.813301    
1083.188735    2577.447273    
1439.644084    2907.901190    
1014.057716    1292.978644    
770.444393    971.733177    
970.662500    1425.331590    
1262.801286    1590.827797    
1212.828086    1358.633033    
600.281842    2085.595505    
993.835905    1923.767826    
915.139609    2060.913879    
1030.888220    1080.692738    
890.923920    912.301250    
942.380607    1132.237682    
1390.582150    2297.235750    
902.200000    1398.033570    
714.795525    916.447449    
1083.547119    1106.978931    
834.215844    911.968356    
980.385031    1835.927646    
1022.510854    954.539561    
1317.584208    866.625244    
1009.366615    922.910361    
996.540072    944.010619    
1448.862706    4231.713049    
1112.609362    917.301017    
1338.095319    2913.974296    
910.300000    1714.599572    
1056.276955    1135.768252    
1385.137912    787.350114    
1211.630093    878.446014    
1091.152778    924.795383    
1063.274074    939.806471    
1096.995062    2629.491229    
1402.623302    2764.294351    
1188.285237    963.455793    
1202.036471    1505.328566    
1473.863632    1563.183572    
1205.237294    906.474611    
981.325051    918.990285    
966.697479    937.822004    
1160.305247    916.365818    
1171.419342    1172.619023    
959.205864    914.885496    
1310.856019    1990.001833    
1209.141358    1076.421315    
993.274743    1131.769154    
1023.236420    2664.839894    
1252.993776    854.135610    
1304.062088    966.855194    
1038.427006    903.031551    
1087.579064    1390.504612    
1227.858333    892.592178    
915.798560    908.258972    
1216.380247    1301.305759    
990.291975    1512.462601    
1181.431019    1448.152257    
1262.709619    2794.457919    
1238.304167    870.497718    
1428.198097    2700.417213    
1369.801286    804.176863    
1094.877675    1040.655048    
994.144187    1461.969576    
1095.284105    921.928176    
1110.708951    1576.393899    
831.635854    2080.916618    
1301.587088    2067.636429    
846.135340    1032.479638    
1127.060700    1280.268633    
1307.079270    2456.940524    
903.859516    953.118075    
829.478447    1045.166513    
1026.673097    923.666711    
922.718261    905.914764    
887.575823    962.513794    
1271.918981    891.795784    
1068.801440    1552.918446    
1235.012654    2399.599717    
771.404938    985.346254    
1134.902778    894.682448    
934.960957    1589.561945    
1043.528858    1964.070699    
1459.031070    2502.162067    
1423.096605    4085.953447    
883.193056    1418.685328    
985.814095    1696.499655    
997.526698    1918.912075    
910.558591    940.572090    
603.390586    1038.329358    
1165.000617    890.027929    
1216.914609    4445.959332    
1168.523354    1568.907936    
962.408539    1361.433038    
1333.314455    2059.815801    
1328.972274    1409.004841    
909.566358    956.996191    
1230.111728    2315.158623    
879.380813    915.970542    
847.229218    992.213107    
902.384002    941.802236    
809.878909    977.805520    
1127.138940    898.132722    
955.140998    913.945098    
1177.682973    1776.201539    
1130.335288    1214.807533    
996.910700    1533.121864    
1411.290381    2732.409387    
1272.479938    2504.152759    
1060.517798    1587.498718    
1711.331944    2928.442711    
1253.605298    2597.835104    
881.495216    930.130713    
922.739609    935.992716    
1003.531842    1608.975586    
920.378652    2466.657156    
856.387809    958.005678    
1326.695833    3054.968869    
1364.506430    4156.410555    
1249.091564    2940.494984    
699.579321    1717.650664    
1390.476132    1932.936627    
981.355607    1598.706316    
1002.015844    956.478212    
1590.376749    3552.808807    
1052.635545    1184.818726    
1284.713683    1809.901711    
984.815432    932.655045    
1337.985905    2909.893936    
1129.337294    894.375642    
1107.785957    2348.438094    
888.066770    1202.466961    
1034.479064    916.922302    
752.320319    1062.417443    
923.676286    924.848157    
969.516204    931.045139    
1142.501955    1863.402062    
980.706379    934.460472    
957.080607    1163.739294    
