1703.794309    713.645474    
1752.489431    561.022110    
1338.468293    903.571412    
1336.504065    948.077952    
1672.768293    750.802799    
1554.817886    761.812764    
1615.643902    708.993101    
1453.755285    846.951679    
1310.269106    941.504503    
1808.631707    460.260077    
979.178862    987.472108    
1788.436585    549.192271    
1392.581301    951.205032    
1464.504065    838.889491    
1484.130081    846.786709    
1129.113008    999.165549    
1820.212195    459.885712    
1030.713008    1013.319272    
1779.878049    570.971265    
1661.303252    699.638651    
1718.083740    635.439699    
1481.400813    908.127833    
1735.900000    675.373702    
1746.717073    536.937308    
1447.899187    926.572289    
1849.415447    354.422818    
1091.896748    915.500408    
1521.188618    763.495727    
1593.766667    733.101210    
1688.895122    594.206053    
1238.700000    938.042541    
1682.765854    586.328856    
1538.571545    691.908245    
969.217073    982.354130    
1682.891870    616.881730    
860.168293    965.414966    
1254.040650    940.646342    
1754.939837    623.025157    
1641.896748    674.956785    
1047.868293    996.750046    
1462.865854    866.794791    
1503.172358    887.476340    
1188.464228    956.164370    
1494.100000    769.951470    
1554.291870    805.574223    
1745.881301    737.038687    
1469.200000    895.145832    
1031.023577    1010.786210    
1786.747154    580.756411    
1395.413821    887.972388    
1418.822764    911.077191    
1491.759350    824.527278    
1371.008943    971.859700    
1249.196748    1000.224180    
1104.058537    996.944915    
1516.660163    993.749892    
1682.294309    854.162447    
1937.521951    600.497286    
1249.374797    1036.068063    
1122.634146    1059.054337    
1944.611382    895.886996    
1064.429268    1049.465403    
1107.051220    1088.963669    
1315.660976    2838.862869    
4575.499187    10686.213401    
1056.098374    2835.709394    
1114.839024    1124.293375    
1268.851220    1053.491249    
874.069106    1110.034045    
684.496748    1068.194072    
1087.697561    4263.328700    
983.864228    1134.749838    
1199.388618    1172.039982    
1157.109756    1264.695266    
953.352846    1164.184552    
1702.256911    1075.499512    
1139.694309    1191.259341    
1062.858537    1228.698447    
507.527642    3799.963921    
867.005691    1146.425418    
969.522764    1188.619298    
1371.616260    1092.265086    
1961.829268    914.109219    
1722.213821    1041.504270    
1789.699187    943.322401    
967.026829    1194.812532    
7811.642276    19361.976302    
1136.454472    1215.316008    
1551.339837    1347.948000    
1189.066667    1231.409241    
1323.408943    1225.037467    
1663.719512    1261.689156    
1733.269106    1312.494341    
855.202439    1195.542616    
1055.265854    1275.450467    
1099.355285    1360.532411    
1109.284553    1350.148189    
910.365041    1253.645197    
1106.432520    3888.094221    
1642.064228    5033.336390    
1607.295122    5358.643155    
1291.921138    5647.596698    
1767.232520    5646.404544    
2756.113821    8207.417332    
2678.292683    8984.510905    
1578.217886    5947.138765    
1421.997561    5665.286925    
2389.027642    7606.796933    
2815.157724    10016.165389    
3672.161789    11943.378386    
5829.043089    17424.195971    
2284.913821    8486.776209    
2205.665041    8535.078345    
1742.855285    8083.637166    
1597.345528    5951.888801    
1230.172358    5361.655974    
1750.854472    6231.564200    
1277.678862    4698.456823    
2733.638211    5645.851040    
1617.623577    4549.203307    
1416.247967    1519.830783    
2302.457724    1327.778135    
2292.806504    1548.927400    
1935.259350    1320.365415    
2682.578862    2636.366474    
2260.808130    3511.051301    
1794.145528    4394.720870    
2780.581301    4910.584211    
3269.049593    4783.666365    
2096.072358    5697.251356    
2968.571545    5552.739209    
2561.908130    5595.586744    
2138.908943    5024.282782    
3189.599187    4460.284459    
2368.376423    4702.857928    
1939.042276    4707.271787    
1994.312195    3491.661685    
2312.035772    2935.391102    
2231.078862    2289.159934    
2222.552846    1489.174688    
2429.361789    1499.818693    
2387.060163    4671.179941    
2672.252846    5210.738392    
2881.846341    6075.343577    
2560.326016    6677.949540    
3140.084553    6866.069750    
2684.653659    6073.746249    
1816.750407    5604.821623    
2631.694309    6208.914715    
2418.065854    6001.734018    
1532.199187    6523.902329    
1666.863415    6082.488247    
1819.030081    6023.796067    
3036.052033    6450.002402    
1323.130081    4573.764812    
1138.747154    3727.309606    
2615.278049    2433.068304    
1028.404065    1629.172717    
2081.217886    2592.550117    
1538.361789    4423.328442    
2453.536585    5672.952423    
2342.357724    7463.322499    
4130.039837    8522.450560    
2953.488618    9046.579070    
4359.340650    11210.411869    
4616.748780    12343.567102    
3973.143902    10403.167153    
3197.727642    8942.135804    
3841.456911    10416.368742    
3626.968293    10883.339205    
5633.178862    11011.706345    
5321.630894    11299.216289    
4212.216260    10925.819540    
6012.258537    10450.673414    
4001.137398    9447.302519    
2727.321138    8350.071717    
3239.993496    9598.306576    
4629.943902    8885.937486    
3551.952846    7460.915718    
3182.799187    5622.295549    
2730.281301    6307.595929    
2236.360163    6230.118968    
2204.284553    6044.645563    
1496.008130    6034.263100    
2834.343089    5469.685104    
3002.290244    5436.665380    
2197.612195    5539.071464    
3032.927642    6655.479372    
3853.126829    6875.526703    
2674.148780    6655.940680    
2353.086992    7301.624131    
2261.017886    7500.042985    
2506.754472    9718.636572    
7612.979675    16436.126933    
2498.167480    7891.623534    
2447.440650    8977.779466    
2592.633333    7991.978379    
2841.213821    7091.217202    
6186.792683    12639.144594    
2048.466667    7728.767438    
2963.417886    7783.387240    
3677.028455    7812.453031    
4177.388618    7505.460698    
2845.622764    6527.886564    
3142.136585    7256.754563    
3739.313821    7226.738647    
2808.182927    6903.519744    
3239.874797    6768.207571    
3458.015447    8309.000829    
4339.420325    7919.884636    
3031.904878    9138.986692    
2665.902439    7629.233074    
2907.182927    8747.098870    
3867.976423    6562.799280    
2305.122764    5550.465914    
3456.418699    6388.320483    
3679.218699    6582.917523    
2058.029268    6761.222281    
6401.159350    10137.092761    
4001.844715    7594.723196    
2860.396748    8864.169203    
4860.085366    9609.181505    
5557.941463    9189.671066    
4425.743902    8888.141026    
8312.051220    11989.719847    
3388.261789    8143.519721    
3678.944715    9159.411978    
4640.363415    10814.459455    
5891.722764    12206.958302    
4194.096748    10298.107837    
4232.464228    11258.563983    
4833.038211    9434.705171    
3613.538211    10072.508822    
3351.713008    10871.451641    
2344.433333    9726.609548    
6253.446341    11548.941180    
6191.170732    10460.280769    
4432.195935    8675.175785    
3535.608130    9922.285088    
6963.810569    10385.846255    
4919.445528    10297.112584    
6356.121138    9887.461793    
2780.317886    8765.786123    
7606.802439    9471.076724    
3134.462602    10010.183794    
6826.735772    12496.354163    
16055.134959    21455.793558    
8034.817073    15145.766510    
8646.447967    12333.806415    
6402.844715    9794.726776    
8649.081301    13000.780607    
11606.614634    16498.865976    
5143.820325    8965.295853    
5452.180488    8113.875289    
8524.776423    11638.940784    
11093.491057    12932.326645    
5017.843902    9172.249761    
10833.678049    16075.461214    
8890.711382    13306.956685    
5443.182114    8932.568381    
3016.391057    9189.754848    
3624.358537    11101.235805    
4152.756911    9005.796369    
6658.667480    15046.416251    
3656.121951    10118.535611    
5192.512195    9582.209356    
5160.763415    10465.938175    
4849.916260    9741.247392    
4042.537398    10121.708709    
4187.154472    10453.232045    
4926.189431    9175.455097    
10516.193496    13606.236870    
5506.323577    8857.994632    
5424.849593    8540.102087    
5762.025203    11670.587200    
5574.872358    8788.859769    
3669.034146    9553.186503    
7725.830081    9830.952105    
6650.074797    12522.084796    
24390.758537    23487.866748    
10921.234959    13707.637604    
8174.669106    10889.563068    
9806.157724    13639.295250    
8925.050407    19765.253491    
12297.169919    20654.906576    
12799.113008    14631.909634    
7400.382114    10969.281819    
7694.134959    12833.312133    
7790.441463    11955.356776    
5884.981301    10076.931727    
5219.921951    10540.073889    
10758.502439    12247.557585    
4569.981301    9086.169921    
7577.250407    10841.671678    
8994.929268    9140.941948    
9011.943089    14864.741561    
5470.119512    7435.960342    
7492.514634    12619.760497    
5160.847154    7896.153453    
11027.917073    10125.032381    
5009.813821    8032.925262    
6183.377236    9743.552077    
5652.579675    7727.521823    
4048.888618    7064.290468    
5857.097561    7610.810998    
6014.707317    9576.794664    
10019.245528    7984.372110    
6978.239837    6421.826641    
8450.131707    9016.178201    
4691.489431    7683.379373    
8499.156098    9731.992363    
8207.133333    11359.905568    
8141.301626    7605.635212    
21982.169106    25048.733572    
10364.397561    11748.849207    
9158.658537    14497.933050    
7707.174797    14259.193077    
5883.726829    9499.428147    
7010.588618    8961.536058    
12435.848780    16888.747012    
8050.601626    10079.197680    
8932.719512    15225.315353    
21133.947967    19965.729465    
11784.695122    14542.380154    
23493.162602    19437.904517    
25493.026829    19611.032645    
18323.874797    15012.563480    
17966.921138    22415.231934    
23177.362602    22321.127785    
24583.513008    22669.995064    
31686.783740    23874.553066    
27750.695122    19372.630414    
5357.842276    13555.193704    
15303.702439    17196.641849    
9985.733333    10803.608070    
9677.417073    12888.038147    
6917.449593    9313.452164    
6644.256098    10165.180571    
7612.892683    12203.783866    
8876.434959    8995.313865    
7520.576423    11659.092891    
10521.940650    12232.604613    
8172.345528    11214.036105    
5453.885366    8880.825124    
5537.678862    11098.992156    
11779.547967    14787.698117    
7385.302439    11787.514973    
9357.394309    9580.226828    
5416.587805    9849.988975    
8038.599187    12815.993739    
5613.984553    8562.859052    
7778.035772    7781.096344    
7262.737398    9916.881439    
7504.087805    10522.019202    
4389.645528    12164.351209    
14871.173984    17978.023578    
11672.461789    15761.952736    
13307.715447    15344.035908    
22642.772358    17102.442601    
24082.652846    17241.765140    
35389.873171    23585.621830    
25247.972358    12874.001872    
27997.352033    13591.220890    
24825.574797    18149.030160    
23353.613821    11778.137475    
25555.789431    14629.338852    
23695.773984    13085.214938    
22942.058537    11756.771915    
22553.930894    15859.505192    
25364.975610    20895.837625    
18424.763415    9419.087775    
18088.465041    13351.836960    
18146.008130    13533.739913    
24613.469106    15375.642479    
24928.086992    14945.299243    
21041.182927    12150.122988    
22898.010569    14696.360273    
34610.078049    17571.094805    
28226.694309    17825.928465    
9115.726016    17219.714643    
14450.065041    10309.956815    
8806.030081    11643.613144    
14908.679675    13246.463860    
10448.630081    13415.110047    
14311.995122    12908.482048    
16819.274797    13082.634818    
14642.970732    14551.062388    
17212.654472    11941.212734    
10742.216260    9347.665198    
25935.786179    17550.736528    
19480.671545    13887.289079    
25982.177236    14965.057708    
19718.630894    11288.579355    
22949.935772    19692.809504    
29969.895122    19159.404277    
15817.382114    14974.036513    
18845.070732    14185.982067    
14579.171545    10682.017526    
20967.963415    16620.574840    
26212.604065    21976.345970    
31730.003252    20294.090286    
21537.804065    13639.695751    
25463.818699    18017.335860    
19970.500000    9982.823392    
26159.500000    19928.993456    
19841.999187    15276.187535    
22104.361789    10803.957012    
17979.062602    10320.768092    
16599.645528    10926.824248    
24448.916260    13088.626586    
28231.734146    19418.702669    
16534.608130    11873.270223    
22336.408130    14307.204186    
19305.623577    14104.099078    
11376.983740    9929.822108    
15048.326829    6904.015585    
20045.998374    12880.294164    
15323.282927    7522.090743    
14263.328455    6782.546561    
20710.113821    10871.290318    
16112.162602    7837.027912    
16635.022764    7571.125042    
15608.088618    8761.199921    
17489.434146    7839.579950    
22210.278862    12158.561787    
14980.258537    11259.592204    
13938.834959    7153.727811    
16292.910569    9324.205486    
13620.878862    9174.587792    
14860.286992    5650.332180    
17315.653659    9163.331631    
19582.943089    9419.155545    
23551.808943    18124.502253    
19873.051220    8540.062662    
14010.172358    6431.692681    
14313.013821    7632.626714    
20432.990244    11522.527714    
13394.454472    6363.485819    
15511.447967    9919.895655    
14832.563415    8309.670222    
17339.902439    12677.478436    
16487.155285    8476.953216    
14494.673171    6502.620889    
22394.341463    14461.468810    
16827.132520    7276.551239    
15428.787805    7572.123771    
22471.288618    11054.505035    
12895.572358    6175.719630    
13469.362602    4654.728265    
17758.036585    7938.061385    
14632.479675    7513.285012    
18899.399187    7764.954833    
14165.626016    4348.162399    
16910.090244    9402.017754    
15569.064228    9021.209011    
13760.606504    6605.976857    
14881.099187    5903.546853    
14652.076423    5521.270759    
18484.679675    11274.716850    
12161.374797    6836.992860    
15244.877236    5801.364775    
14927.503252    5635.310407    
17018.493496    7577.292828    
13999.993496    5879.439573    
13255.720325    3815.458377    
14417.839024    11127.355570    
17414.993496    9344.418844    
12883.143089    6094.603655    
17486.525203    8114.881311    
19618.163415    10377.385103    
12420.105691    3133.936794    
14831.760976    5043.604160    
11375.617073    5945.863296    
12474.861789    4914.132154    
13377.971545    6153.876202    
16110.713008    5732.004770    
11872.607317    4882.144758    
14366.207317    7274.589544    
13866.977236    5620.936562    
13391.300000    4553.912021    
14420.700813    5757.484502    
16539.898374    5144.324848    
18311.101626    6093.760315    
14560.695935    5607.717474    
14599.579675    6070.475336    
19042.292683    9706.942776    
17078.864228    7552.225030    
16883.232520    6216.139185    
13679.085366    5054.513606    
11641.747154    4364.883067    
12320.481301    6374.141748    
13838.934146    3290.108184    
12209.693496    4607.516226    
16124.331707    4773.389539    
13123.947967    5413.471319    
12668.503252    4145.236608    
12081.765041    5765.208583    
12469.331707    4176.265240    
14228.468293    4428.270499    
12963.535772    3827.114765    
14124.213008    3867.044625    
11273.569106    3282.602735    
13088.467480    3316.469669    
12968.437398    3197.394442    
12735.126829    3275.018879    
12002.536585    3013.693505    
11260.907317    5667.640015    
16243.257724    6474.077225    
11178.626016    2904.274421    
12414.932520    4143.620290    
11539.756098    2432.717543    
15427.762602    3742.675070    
12875.811382    4015.871966    
13359.005691    4798.685005    
15129.304065    5412.458948    
13541.826829    5085.713042    
13540.361789    5796.551681    
14471.149593    6321.784080    
13928.108943    4557.432185    
12578.621951    4499.328343    
11846.346341    4977.429189    
13669.333333    3856.330002    
12693.159350    5626.829609    
10296.669106    4777.060315    
16025.743089    6424.051856    
11819.472358    6675.205262    
14131.087805    5512.078428    
16557.491057    6008.721372    
15076.891870    4952.642765    
14335.213008    4152.312508    
13960.643902    5500.151432    
13495.504878    3914.006505    
15537.778862    3615.031609    
14767.986179    4597.015829    
14578.418699    3916.582502    
13728.644715    4244.846125    
16217.412195    4743.399894    
14000.473171    4138.539461    
12356.587805    2767.786759    
14322.033333    3896.059867    
12392.415447    3818.903442    
13955.079675    3398.241050    
12626.125203    2868.364092    
14012.573984    3369.701510    
14578.943902    4851.937203    
15262.646341    3721.669223    
14139.536585    3411.281028    
12908.936585    2631.165879    
12959.003252    4393.338343    
15613.026829    4381.294524    
15949.599187    5674.138426    
12315.226016    2777.303253    
14638.983740    5139.835044    
15501.007317    6198.224194    
15349.592683    3137.455442    
14644.259350    4498.532544    
15341.761789    5816.193073    
13918.333333    4706.409062    
13308.664228    5031.609200    
14222.386179    6521.625501    
17763.325203    8022.882734    
13166.223577    3893.720198    
14686.922764    4872.187940    
14635.458537    4089.535827    
16965.314634    5145.069071    
14078.291057    4193.160177    
14116.469919    3513.196879    
13045.203252    5366.595986    
12192.743089    3375.136507    
15785.386992    4300.168952    
13230.182114    3575.475512    
17463.736585    8854.801457    
14357.417886    7623.376619    
14586.920325    3348.763551    
15214.146341    4892.663751    
13727.251220    3512.914269    
15660.325203    7661.327680    
17632.822764    6845.018182    
14919.939837    4748.217260    
14977.208130    4653.499352    
15359.844715    4585.567586    
14020.159350    5373.458191    
13782.048780    3401.943857    
15488.140650    3633.368881    
15407.288618    5503.106999    
14425.857724    6723.182018    
14276.453659    4302.944711    
15435.403252    5414.387807    
15832.947154    4380.587442    
17454.843902    5226.178166    
15326.848780    3844.686768    
15235.296748    4241.532378    
15081.840650    3664.304968    
13103.451220    3787.411454    
13962.002439    3934.462397    
14838.504878    3096.225576    
14515.558537    3486.790312    
14268.639837    2821.524566    
12778.728455    2401.571030    
14794.572358    3096.022085    
13234.401626    3337.952490    
17566.618699    5391.650246    
16962.726829    6498.111714    
18390.700000    7314.541868    
15380.038211    4344.775742    
12815.760163    3682.378050    
14405.712195    4207.443256    
14565.602439    4678.335700    
15174.354472    4203.550459    
15096.534959    4558.252506    
13082.835772    3679.344684    
11533.172358    4384.362834    
11327.722764    3194.034291    
13033.000000    3225.576206    
13544.469106    7578.576723    
13286.849593    4000.085136    
11078.139024    3752.307043    
11945.165041    4287.782065    
13363.705691    3300.457863    
13657.755285    3568.707507    
13975.278049    3543.502702    
14206.756911    3885.184342    
14294.794309    3650.762319    
12812.974797    3152.732832    
13853.643089    4211.083597    
15258.462602    5298.372720    
15801.737398    4171.625487    
14127.884553    3679.445766    
14086.095935    4094.346406    
13060.813821    3325.889881    
15832.525203    4408.220400    
13372.151220    3398.257494    
12936.588618    5477.060159    
12895.391057    2479.942510    
15690.200000    4974.158080    
12645.869106    3545.404999    
14339.023577    7005.546259    
12605.314634    2852.634097    
14048.557724    3300.544353    
15008.899187    6936.762679    
15619.342276    6101.869886    
14130.774797    3650.233101    
14701.607317    5116.257102    
13318.300000    4277.503702    
13569.745528    3678.552482    
12880.909756    5222.704798    
12983.991057    4617.647347    
12294.310569    3647.323738    
12577.469106    4314.697766    
14428.513008    5407.588008    
12283.843089    4022.488499    
12101.583740    3587.155500    
12014.743902    3916.615626    
13998.251220    6598.067529    
13043.920325    3982.556584    
13422.308130    5180.362059    
11435.518699    3600.684816    
12325.065854    3840.458478    
11944.893496    4364.351160    
11493.686992    3358.485686    
12538.405691    4847.551345    
14877.853659    4881.355100    
11902.248780    5344.488050    
15578.371545    6837.145824    
15178.740650    7182.344443    
13816.317073    4282.258473    
13774.495935    6311.988835    
12505.309756    4042.578515    
12894.425203    5483.880890    
14662.937398    4238.299833    
12543.864228    4470.808327    
14615.038211    5075.027457    
14852.482114    5731.583568    
13900.048780    5174.590150    
14342.778862    5641.246573    
14540.537398    6625.759908    
10553.455285    6508.795586    
12898.800000    7025.611918    
12726.508943    5485.230808    
14442.630894    6878.590307    
12886.969919    6790.578079    
13315.978049    6959.247000    
16690.581301    6054.187964    
12639.491057    6538.428845    
12251.947154    7469.718413    
10652.826829    5370.901433    
13849.830894    5352.454166    
13397.099187    3923.044020    
13015.453659    6720.638539    
16456.243902    6752.332341    
13684.650407    5841.751605    
13236.983740    10120.020855    
15010.842276    8309.281192    
20432.025203    11292.676253    
15359.583740    7497.016573    
14418.378862    6595.945781    
15433.129268    8642.373038    
14675.465854    9331.687172    
15221.754472    9515.960318    
13663.036585    4942.061668    
13559.801626    6482.890049    
17927.999187    8787.800240    
13041.865854    9526.038313    
13763.513821    7744.526396    
13405.044715    5695.292809    
18575.745528    10766.118917    
12838.070732    8433.770803    
15276.217073    7681.829074    
16292.053659    9116.796811    
17479.446341    8782.426379    
10414.158537    5857.308788    
17658.490244    6896.154538    
17303.745528    11435.191266    
14653.114634    8769.560911    
17692.519512    8889.135066    
18355.286179    8881.895622    
22147.756911    12649.871653    
16164.691870    10189.600597    
19146.750407    14654.582530    
16766.760976    10933.054171    
17055.369106    12007.179722    
12041.115447    9800.128285    
11014.513821    7768.464127    
10530.125203    8232.534849    
12539.852846    5466.698448    
11247.029268    8486.634640    
10475.425203    3755.052938    
8547.874797    3850.984122    
12121.930081    4549.442653    
12071.860976    11367.215223    
10469.244715    5997.045266    
11233.382114    4183.490638    
8595.643089    5019.870549    
11256.503252    4224.039349    
8892.876423    7424.321577    
10534.186992    5176.827300    
9878.051220    5560.217980    
8900.074797    7387.323776    
10994.142276    8653.498512    
9278.539837    8120.268504    
16053.538211    10868.403678    
7344.629268    7925.279790    
11797.960976    19949.646853    
11479.277236    18572.321678    
12576.972358    11071.568091    
12317.506504    10410.504906    
16103.550407    10529.144765    
13021.071545    11744.136590    
17019.676423    11692.762290    
16719.040650    12802.056249    
9061.752033    9848.968260    
13290.969106    9662.685850    
10734.771545    6694.838612    
11389.290244    11608.801225    
8623.086992    13098.040502    
7500.843902    10251.047992    
4511.351220    9062.772138    
6615.798374    10882.422684    
5326.939024    8857.266903    
9825.842276    8791.089245    
6628.491057    9117.421871    
10082.786992    8780.750275    
10878.898374    6588.288495    
8419.545528    5783.797098    
7520.299187    4956.868810    
7216.982927    11078.069951    
11547.606504    9039.552896    
8233.978862    4912.383218    
15173.144715    8705.520235    
8038.721138    8945.527389    
13868.302439    7817.347369    
11838.739837    10168.408113    
10724.230894    12835.980343    
12903.795122    12905.281945    
8405.457724    11131.331265    
9806.161789    15216.788869    
10938.083740    10362.473729    
11724.271545    15812.179663    
9842.930081    14017.706242    
14254.883740    11599.326041    
13281.352846    20764.936697    
7363.404878    14677.244543    
20304.405691    19363.428423    
8240.917073    12270.524195    
7117.112195    11888.022857    
16376.559350    17238.074292    
9494.669106    10446.994003    
3102.861789    11832.980905    
8376.404878    16245.482119    
7613.927642    12774.744519    
5655.851220    10191.467926    
10171.044715    13005.747958    
12271.788618    10619.358277    
8472.638211    8710.816451    
8575.826829    12186.354567    
5996.550407    10222.133946    
10130.830894    15956.619141    
7975.479675    6702.056385    
10145.191870    10870.963561    
8633.754472    9242.857538    
5505.283740    7292.710597    
5188.561789    9543.339023    
7495.775610    7818.398326    
10257.430081    12677.068873    
6057.647154    8106.833062    
6304.643089    10679.984769    
9063.500813    11716.559213    
7826.550407    10460.801954    
5576.068293    10186.894200    
15483.684553    15301.177496    
5360.892683    11366.808774    
6013.781301    13423.754254    
7225.471545    12500.600035    
7478.574797    10832.181276    
7484.433333    12098.076479    
7988.888618    11491.647082    
5999.334959    10332.492428    
7977.619512    10820.561561    
5423.873171    10335.380029    
6909.039024    9468.557929    
7199.645528    9128.383851    
12286.970732    15091.209549    
7846.879675    15522.411018    
10869.447154    12118.439545    
9003.696748    11829.394486    
12342.718699    12975.767817    
8335.386179    16357.170467    
4355.435772    9325.410218    
3119.395122    7350.290885    
4656.807317    9953.189503    
5075.613008    10244.238201    
4660.554472    9036.140457    
4040.087805    9019.565916    
5166.924390    9957.577581    
4249.739837    8923.436731    
4279.202439    9156.890633    
5412.591057    8985.102887    
6786.028455    9027.311974    
4665.227642    9444.419698    
7547.821951    13402.009424    
6333.925203    10557.058473    
11531.424390    12447.489738    
6248.366667    9902.046660    
5225.726829    10303.006589    
8692.658537    10642.680676    
7133.867480    13904.529862    
4164.814634    10718.843138    
6741.089431    11541.779246    
10340.963415    15140.554095    
12625.464228    14758.350030    
5219.357724    15403.044827    
6491.564228    12902.852100    
4139.707317    9841.054781    
6782.730081    16570.902448    
4921.168293    11160.742325    
3420.695122    9095.193083    
5271.874797    13252.071356    
6220.106504    12355.101940    
4533.311382    8313.995783    
4689.934959    7900.055048    
5758.969106    10728.582035    
5461.330894    8212.152775    
6633.814634    9669.358018    
10415.631707    13666.649344    
1953.054472    7731.063065    
4951.834146    8303.478105    
5935.175610    11453.970034    
2870.521138    9388.550745    
2735.200000    8938.907053    
3812.199187    9199.946108    
8665.088618    16958.093751    
3102.194309    10819.424089    
5395.056911    12266.550576    
3996.413008    10762.339863    
4447.599187    11067.257086    
6454.946341    11833.307306    
4517.173171    10660.518976    
4272.411382    11048.364200    
3923.250407    9935.565037    
3061.369919    11283.116515    
3187.981301    10830.639727    
5066.875610    12000.783326    
5454.103252    10542.023321    
4318.143089    11852.419869    
4237.740650    11833.106814    
4080.794309    12117.024568    
4686.014634    12800.192190    
4990.376423    11161.729208    
3439.268293    10778.540658    
3538.344715    10915.732515    
3609.415447    8928.673510    
3184.534146    7478.507624    
2587.328455    7894.240358    
4193.800813    7520.184849    
2540.750407    7373.456433    
2293.633333    4861.443697    
1915.322764    6487.612235    
3431.918699    7706.277228    
1113.221138    3522.523844    
1229.617073    2198.690598    
2267.164228    2122.092121    
2527.120325    2343.331733    
1439.917886    2444.879027    
1746.078049    3556.567702    
2684.826829    5639.695866    
3485.198374    7118.234037    
2906.052846    7792.302982    
2530.691870    5113.692300    
3382.610569    7041.910615    
3022.313008    7144.644132    
2289.973171    6234.850639    
2574.904878    6441.387062    
1956.635772    5692.152501    
2333.348780    7432.516276    
2115.933333    6221.415866    
2674.730081    6171.982506    
2136.520325    7532.877678    
2577.809756    6907.866898    
2469.486179    7176.181215    
2536.945528    6694.856230    
3184.678862    10570.679489    
2584.271545    7147.460712    
2379.760163    6184.275518    
2602.270732    6878.804039    
2952.617073    6063.955278    
3004.705691    7924.068392    
2629.024390    6647.886901    
2321.440650    6931.127708    
2424.662602    6387.115882    
2331.524390    3294.753092    
1455.349593    1376.216009    
1797.411382    1340.685002    
1386.799187    1306.329368    
1948.335772    1096.948886    
1734.668293    1328.527064    
1863.311382    1316.981312    
1633.062602    1372.805186    
1462.031707    1337.729048    
2086.972358    1157.588978    
1296.908943    1247.977765    
1481.081301    1254.603601    
3114.356098    6015.834703    
1706.057724    1103.858651    
1670.084553    5301.657600    
2267.745528    5835.849541    
3017.978049    8431.420120    
1878.515447    6873.747949    
1835.455285    5320.116185    
1851.207317    6938.571737    
1433.319512    6715.696637    
3338.204878    11163.377935    
2519.678862    10172.445777    
1416.484553    5914.209711    
1570.544715    5906.435835    
4595.750407    14672.665509    
1385.079675    5360.254361    
969.505691    4989.902259    
2210.871545    7449.758974    
823.004878    1103.727860    
883.914634    1099.495983    
1596.815447    993.987691    
1331.369106    1112.872095    
1200.560976    1122.376039    
1479.934146    1011.023457    
778.577236    1040.083104    
1090.668293    3140.696749    
865.852846    1057.262808    
1349.186179    1071.708441    
1479.406504    994.965236    
1244.933333    1057.291129    
1338.432520    1027.850380    
1338.434959    1033.075329    
1261.615447    1033.695204    
1161.409756    1023.023039    
1914.279675    667.835225    
1762.405691    759.953340    
1654.208130    783.559540    
1684.011382    846.792910    
1579.877236    889.295909    
1107.790244    1013.584359    
1469.880488    953.590768    
1893.481301    557.713527    
1713.678862    679.156288    
1793.151220    659.541040    
1948.309756    592.600491    
1785.354472    655.255130    
1514.121138    863.041710    
1413.265041    924.070257    
1762.400000    618.800007    
1483.437398    897.767352    
1516.194309    894.498599    
1779.866667    706.289074    
1437.613008    916.867460    
1267.319512    987.169564    
1666.536585    785.164132    
1638.186992    840.058889    
1729.591057    700.253536    
1347.647967    963.838969    
1504.930081    883.276161    
995.708130    995.512249    
1426.287805    914.642081    
1053.681301    1013.725822    
1428.060163    900.492731    
963.396748    1000.903494    
1343.471545    1033.323535    
1673.467480    773.926304    
1557.426829    844.709176    
1161.284553    992.796488    
1379.743902    915.984027    
1551.257724    888.104223    
1535.982114    910.715231    
1442.891057    975.686161    
1484.577236    852.987075    
1231.075610    1041.757761    
1859.791057    579.035827    
1436.830894    926.748147    
846.121951    1048.065189    
842.675610    1005.277607    
1484.308943    913.258488    
1694.388618    807.871625    
1616.589431    775.777670    
1394.330894    978.881057    
1275.625203    970.172106    
1692.716260    796.164268    
1520.043089    864.156040    
1546.760163    839.852448    
