16900.291163    5308.049996    
17542.288372    6457.125671    
17881.120000    8961.801998    
17093.306977    5779.781476    
14052.708837    4344.625666    
14032.812093    4078.429689    
17574.901395    7488.483268    
15619.036279    4428.737538    
12609.254884    3494.709530    
14138.684651    4828.114229    
12626.975814    3658.626018    
12491.338605    2307.853993    
13447.139535    2821.476066    
13201.350698    3027.127276    
15868.322791    5208.402467    
12522.294884    3929.313641    
13370.348837    3479.452582    
12685.197209    3925.213703    
12413.008372    4844.192225    
15414.911628    5798.136858    
14020.299535    3444.139799    
14046.342326    2977.336836    
14354.039070    4449.590414    
14908.907907    5281.667147    
13525.511628    4035.009187    
14560.282791    4897.870741    
14242.204651    2934.076452    
15539.893953    4972.213284    
15722.161860    6945.921052    
15545.803721    4443.350191    
13721.768372    2979.668079    
15291.801860    6415.584557    
15617.704186    5496.811137    
14960.751628    4595.422997    
15160.166512    5074.912022    
20381.229767    10498.561591    
14179.760000    4798.237988    
14690.200930    4436.470719    
17673.989767    7423.184716    
14489.029767    4971.523806    
16336.457674    5395.171666    
13179.663256    4169.554820    
16041.086512    5474.737087    
19703.929302    9092.924522    
16273.294884    5830.995167    
12116.711628    3107.518831    
13282.021395    3524.220611    
15124.951628    4822.441565    
13108.524651    2760.725021    
16431.051163    4889.804840    
15528.744186    3896.129618    
16651.610233    6010.925412    
14458.384186    3344.662515    
13776.223256    3519.348933    
13881.565581    5135.736918    
14372.252093    3619.961240    
13227.035349    2369.431664    
14984.214884    5843.893802    
16424.709767    3440.853133    
15176.204651    3537.174786    
12829.255814    1850.805243    
15173.619535    3689.355718    
13325.943256    2583.027794    
13821.546977    2113.520735    
12364.969302    3490.826397    
14286.914419    3491.767247    
16008.715349    4470.706885    
16887.729302    6134.812747    
16198.856744    4949.067631    
15759.007442    4324.054093    
12818.913488    1824.154264    
15425.668837    5235.671669    
13471.733953    2580.197296    
14219.624186    3522.055313    
16518.493953    4363.051284    
13929.043721    4288.356941    
13951.807442    2466.598258    
18683.110698    9979.091173    
14670.127442    5448.848860    
17714.435349    5986.627788    
13290.145116    2911.032921    
15934.365581    5199.740312    
14168.907907    2688.627200    
14569.368372    2638.121074    
16429.960930    7107.310226    
15972.139535    3629.300903    
19204.958140    9305.584071    
16613.528372    5457.643632    
13645.017674    3162.700783    
15688.060465    4559.430706    
14163.691163    4239.215963    
17207.153488    5527.304646    
13138.694884    3209.479801    
13319.813953    2508.099729    
14757.012093    4178.477838    
13490.794419    2930.612213    
16092.973023    3972.722187    
15649.547907    3960.350132    
15995.566512    4956.343487    
14980.034419    4749.658187    
18750.068837    8018.675586    
15121.000930    2910.495928    
14626.458605    2846.412120    
15196.424186    3216.317379    
18473.247442    11246.750255    
15833.360000    5742.037895    
16512.585116    5315.648224    
15387.241860    3635.381757    
16104.550698    4521.914588    
11869.702326    3430.035081    
15491.722791    4599.405368    
13095.006512    3014.079573    
16995.129302    5050.995727    
14544.141395    4354.353754    
13257.774884    2524.317867    
15813.815814    5949.272490    
19584.267907    8134.255561    
14485.023256    2804.263175    
17812.246512    6880.844483    
15709.955349    5892.399519    
19649.657674    10022.028263    
16096.072558    6505.031203    
13829.890233    2713.598342    
13503.909767    2462.265520    
17221.159070    5533.750940    
14326.812093    4505.485943    
13436.343256    2301.835488    
17302.497674    5721.137031    
14872.902326    4080.394053    
15428.506977    4074.381673    
14146.652093    4931.387270    
14951.099535    3563.810592    
12937.377674    2477.881696    
13663.518140    4007.292752    
13398.407442    4610.222000    
14665.117209    4064.293984    
16005.572093    2891.266332    
16746.079070    4885.382718    
13379.973953    2551.806221    
13517.114419    2902.101962    
15299.826047    5885.500885    
11767.260465    2330.435826    
14966.758140    4434.114021    
16595.411163    4982.986330    
14881.649302    3322.784291    
16239.319070    5582.120001    
13180.380465    3476.046037    
15883.228837    5021.144214    
14375.338605    3272.124817    
14471.749767    3909.049889    
14002.084651    2841.604877    
14030.673488    3134.265014    
16006.090233    5344.616933    
14964.645581    5200.842073    
14793.111628    4002.057068    
13497.752558    3137.453083    
14799.788837    6507.015958    
15515.910698    4249.098067    
18475.616744    8098.365639    
17128.514419    5241.292916    
14046.760930    2148.915391    
16887.494884    5546.567023    
14915.110698    3268.115502    
14998.293023    4369.738894    
14399.349767    2578.621829    
18856.786977    6388.809027    
14409.596279    4904.157725    
14945.099535    3758.949401    
13743.751628    2390.307843    
19539.222326    7437.083761    
12962.468837    2817.147852    
14402.712558    3193.344348    
13598.925581    2579.202033    
14952.172093    5139.579431    
13518.489302    5337.144787    
15385.821395    3472.674590    
16481.673488    5341.966621    
15198.984186    4686.352176    
17485.645581    5681.156716    
15595.911628    4314.132981    
14121.393488    3883.087100    
17442.623256    7004.714808    
15212.906047    3977.678330    
15156.252093    3384.428019    
14154.259535    3148.492438    
13179.865116    2633.296284    
15180.394419    3191.352372    
14083.111628    3932.713940    
15094.059535    3860.912657    
15243.042791    4743.887106    
13938.636279    3775.500936    
15819.987907    4965.970053    
13237.092093    2220.335742    
15320.944186    3819.606401    
13573.704186    3236.157735    
15189.662326    4464.933212    
13227.649302    2631.705469    
15554.592558    4905.267368    
13814.943256    3180.533537    
13193.995349    2666.837245    
14716.481860    3554.960396    
12589.806512    2859.821964    
16223.529302    4626.372368    
14323.802791    3927.938483    
14148.292093    4298.475466    
15358.972093    4299.224254    
13105.970233    2166.344229    
16179.847442    6319.881798    
14383.030698    3945.170549    
13574.736744    2735.465372    
14019.966512    3778.073031    
15161.066047    3197.300065    
13791.813953    2428.753981    
16465.544186    6240.232719    
12996.230698    3217.614341    
12265.518140    2725.710765    
13719.946047    3270.889077    
13602.354419    3330.894304    
16734.626977    5468.849321    
17475.355349    4769.427905    
15337.281860    3402.334709    
13273.813023    3612.404047    
16628.570233    5142.073924    
14728.350698    3945.018233    
12142.581395    2247.735314    
17483.920930    6650.847398    
13985.839070    2025.081506    
13706.613023    2981.918053    
16496.695814    4754.794805    
15283.685581    3904.041112    
15685.787907    4377.623440    
16725.480930    4519.598844    
12879.440000    2488.595579    
13161.505116    1909.573665    
18446.718140    7717.355007    
14076.824186    3178.708309    
13900.885581    4081.245815    
17949.385116    8569.550700    
16125.524651    6119.902245    
15932.937674    6147.249173    
11858.476279    2306.248712    
12423.315349    2398.052885    
17741.573023    7296.924680    
13609.188837    2047.920375    
17068.433488    4849.856099    
15290.997209    5016.342891    
14326.972093    3281.428196    
14321.588837    3943.883134    
13767.796279    2909.782151    
14823.791628    3459.756977    
14114.716279    3012.027012    
19404.438140    8439.619769    
17430.054884    5843.456901    
19968.777674    8137.698227    
13112.475349    2532.123388    
16550.369302    5529.266522    
13892.424186    2589.621111    
14501.860465    3132.630804    
14854.442791    4297.498506    
13615.497674    4368.293355    
13730.217674    2039.792276    
17405.546977    6796.892788    
17010.393488    6305.443514    
16245.422326    4900.054201    
16851.514419    6302.328021    
12985.824186    3713.616394    
15983.673488    4900.612433    
14810.247442    3691.468725    
17015.232558    6044.644824    
14971.431628    5501.822737    
19649.032558    8240.990954    
13501.877209    3030.779740    
14728.258605    4624.047283    
18904.184186    10194.362964    
17516.776744    9277.113542    
14321.566512    3898.171050    
15132.385116    4218.613324    
15828.001860    3777.274735    
14226.480930    4088.889321    
17059.151628    6619.288417    
15179.801860    4218.080815    
14217.342326    4125.475957    
14583.792558    3338.295829    
15961.768372    5057.171267    
14443.327442    2813.879610    
13348.614884    2668.391533    
16594.021395    7009.073416    
14066.880930    2577.017244    
16794.904186    4385.040627    
15792.586977    5799.693842    
15367.557209    4359.037195    
17241.063256    6753.165224    
15639.397209    4305.953178    
16401.756279    6144.333056    
14263.583256    3351.977196    
13282.720000    2195.376673    
13566.304186    2277.147188    
20283.512558    7960.945404    
14847.187907    3262.251388    
14994.621395    3948.493029    
13317.375814    2617.237258    
15170.014884    5040.997800    
14259.003721    3753.885568    
14479.151628    4140.738208    
15988.999070    4002.127350    
13754.037209    2175.799757    
13641.341395    2730.283065    
14268.670698    4303.632512    
15656.690233    4521.396665    
15040.666977    3265.645933    
14349.944186    4215.156243    
12545.858605    2016.229458    
16446.955349    4956.707707    
12883.160000    2658.115844    
13119.103256    3375.624464    
17172.146977    4914.369902    
14819.426977    3882.513436    
15619.080000    3747.725962    
17773.862326    6812.209181    
16194.258605    6184.837315    
14521.185116    4225.303482    
16443.020465    6718.765458    
12766.402791    2058.173733    
14456.716279    3772.404501    
14981.942326    3780.384353    
14880.950698    3163.046322    
14806.348837    4817.328080    
12912.948837    2670.428586    
15780.426977    6838.960213    
12349.773023    2517.990123    
13167.071628    3707.658990    
14067.464186    3519.122094    
15315.053953    3738.347802    
16391.453023    4502.789383    
16896.780465    7083.614396    
13025.718140    2980.530992    
22225.137674    10693.951658    
13465.713488    3257.668665    
15364.830698    3783.556231    
18395.241860    8172.151942    
13178.370233    3536.735831    
14250.720930    4406.563074    
13692.519070    2847.562875    
13595.272558    2179.043604    
14556.613023    4467.551402    
16696.487442    6732.017592    
14465.254884    3462.640993    
16092.831628    6227.813724    
12373.503256    2098.572073    
14508.922791    5231.599262    
19572.428837    8803.252028    
12835.129302    2461.299873    
17376.591628    7694.043133    
13218.337674    2421.418243    
12910.300465    3105.239506    
15490.594419    5692.783183    
12877.545116    3313.762015    
16286.630698    5910.999563    
15540.991628    6755.171215    
15650.130233    5721.364168    
13744.210233    2907.454805    
13539.852093    2747.677683    
13579.560000    3785.525294    
12978.242791    2846.620713    
13479.042791    2574.578832    
13072.579535    2898.189810    
12527.902326    2441.181064    
14118.053953    4627.855637    
12543.773953    2248.632513    
14203.305116    2946.875641    
17004.121860    7312.714371    
16539.104186    5601.698753    
14434.816744    3307.633176    
14040.555349    4268.029764    
12715.848372    2793.760503    
15048.352558    5549.128422    
15409.733953    4640.057379    
13068.256744    3828.757952    
13118.254884    3670.665138    
15505.931163    5543.523976    
15507.471628    4070.135273    
12423.614884    5129.185254    
11505.901395    4674.961365    
13142.466047    4644.541509    
14216.025116    5570.053818    
15134.786977    4188.457192    
13192.810233    6105.218310    
12711.026047    2008.554825    
18202.409302    7332.947540    
12755.217674    2257.171743    
13860.833488    4280.333282    
14229.153488    3169.624530    
14041.195349    3572.854644    
15840.127442    4671.872125    
14351.300465    3355.868689    
14986.348837    4240.630998    
13659.441860    2815.822943    
15534.004651    5348.689892    
12915.685581    4176.777884    
15367.240930    4295.135281    
11154.641860    3029.424473    
13978.118140    4041.312725    
12939.293953    3895.764105    
13446.809302    2898.868185    
18865.597209    9188.776315    
14888.689302    5051.612079    
13331.780465    4165.779593    
12460.753488    3249.435538    
15859.300465    6379.968943    
13650.002791    3183.862153    
11823.542326    2929.490917    
15533.871628    6443.664708    
13292.086512    4070.110437    
16372.978605    7001.797616    
13601.678140    2870.265676    
13979.847442    3180.653008    
15771.765581    4989.480032    
14734.047442    6828.311676    
13547.679070    2790.321770    
12875.391628    2432.482746    
13720.300465    3855.485154    
13910.635349    3675.389674    
13381.685581    2450.133760    
13993.486512    5602.736865    
15123.302326    3838.960193    
15582.978605    6299.504701    
13299.847442    3628.134674    
14338.653023    4267.632879    
15868.626047    5752.083663    
12704.601860    2895.825705    
15608.551628    5293.456505    
15244.722791    3332.117052    
14947.714419    3438.477555    
14787.117209    4065.834106    
14645.641860    4788.647134    
15637.889302    4428.548522    
15540.509767    3965.935802    
16016.262326    6542.959138    
14737.425116    4324.887333    
14985.716279    5893.919481    
15105.285581    5622.437509    
16527.866047    3992.640455    
11991.933953    3335.475958    
12080.952558    2411.870176    
12685.608372    2543.117803    
14189.336744    5975.515475    
14172.174884    4409.666436    
13646.230698    4292.098358    
16905.036279    5841.199527    
14857.733953    4128.298452    
14912.349767    4130.178839    
16310.244651    5029.470872    
14433.629767    3814.889868    
13837.497674    3181.314674    
15441.129302    4796.145971    
13038.055814    3028.624126    
11918.229767    2326.835265    
17078.178605    6208.868857    
13782.920000    3178.075076    
13271.477209    4302.609069    
13521.718140    4360.165779    
14205.339535    4398.165944    
15867.286512    7047.121256    
13845.699535    3612.262351    
14692.769302    3702.299052    
13402.420465    4558.322382    
15379.450233    4838.320701    
13705.898605    2145.322380    
15581.794419    4259.645566    
17488.893023    6346.647837    
14660.827907    4025.712210    
13476.709767    4248.381654    
15423.119070    3578.947111    
16076.677209    5659.012049    
12845.959070    4484.352205    
19445.476279    8075.959670    
12874.434419    4245.511876    
13456.301395    2536.730681    
14244.131163    3193.582781    
13544.506047    3539.250940    
12625.608372    2756.498617    
15259.374884    6352.084608    
12946.919070    5649.653736    
13009.242791    2903.735085    
14410.143256    3038.858924    
14106.337674    4277.799017    
16195.302326    4667.402514    
15394.425116    4636.316417    
14650.867907    4402.998271    
15847.982326    5561.765110    
12157.682791    2467.665076    
13977.330233    3804.145689    
13247.903256    2482.756766    
13394.501395    3218.179253    
13903.288372    3352.024048    
14961.484651    4923.796248    
14432.868837    3845.189894    
15444.400930    4857.851116    
14755.367442    3162.989772    
17957.962791    8222.357455    
15131.233488    3132.806854    
13715.473488    3028.450075    
14594.053023    6250.942476    
14501.184186    3613.840531    
17786.435349    10105.186306    
12108.170233    5500.252436    
12598.052093    2753.151037    
12708.962791    4208.578728    
14173.636279    5290.184981    
12964.820465    2433.493894    
13376.645581    4703.222265    
12561.760000    2793.004118    
13534.533023    4556.307698    
13605.928372    3263.034823    
11100.302326    2617.328266    
13107.527442    5686.033983    
13442.033488    2708.929602    
14857.669767    5265.266847    
12848.916279    3307.002822    
13196.069767    2300.155924    
16831.933023    7231.577741    
16881.178605    6910.945105    
15557.054884    4816.845087    
12535.866047    3546.270583    
13437.870698    3333.303688    
13778.964651    3565.479933    
13530.028837    3168.451594    
17600.441860    8561.720967    
13363.716279    3711.821298    
14038.449302    3927.650483    
15467.060465    3714.051954    
15678.390698    4788.629322    
14776.722791    4817.644965    
13515.967442    4016.624755    
14419.481860    5396.700343    
12610.385116    1937.066696    
12288.268837    4713.754904    
13360.619535    4560.743368    
12968.160930    2447.678819    
12832.905116    4020.536497    
13780.521860    3063.581632    
15409.342326    6105.776795    
13378.314419    2589.487893    
13285.048372    2782.282277    
16101.613953    3936.684147    
14785.581395    4951.440873    
13633.831628    4395.317885    
13071.374884    3240.191255    
12797.346047    3324.377146    
12524.546977    4572.935631    
14393.101395    4741.806648    
14174.368372    4346.083795    
12553.790698    2221.509108    
11609.696744    3136.590426    
14874.136744    3351.654860    
13643.200930    3116.222833    
14871.165581    3341.478231    
13241.048372    4179.248091    
15429.081860    4719.465557    
18045.945116    7079.250708    
12586.187907    2395.554093    
16177.005581    4878.681420    
13416.029767    4022.193483    
14087.520000    4432.076578    
13605.968372    3824.991316    
14530.265116    3896.429971    
16639.203721    5794.586649    
12512.261395    2236.505895    
16731.324651    6742.011145    
11999.447442    2455.559577    
14041.665116    4550.003475    
13652.546047    3554.175973    
16227.043721    5108.605212    
13310.848372    2895.820501    
13285.346977    3055.877490    
14085.509767    2758.668319    
17667.270698    5456.655352    
15594.062326    5348.309415    
11714.188837    3247.492344    
17168.850233    7485.285228    
14394.937674    5320.700343    
13681.211163    2766.465585    
14273.323721    5489.982232    
20101.279070    11169.642282    
13550.860465    3002.307268    
14924.757209    5904.798738    
13898.929302    3172.663877    
13928.778605    3193.175499    
14555.627907    3909.532797    
16769.368372    7458.967062    
15219.758140    3550.745788    
15078.779535    4563.238137    
13376.525581    2500.119723    
13045.498605    2940.803542    
12235.907907    3705.902953    
13348.485581    4556.110935    
17134.753488    6608.227406    
16740.161860    7531.344276    
12529.954419    5183.034277    
12546.717209    2497.487279    
18372.944186    9921.558736    
15066.360930    5455.569409    
14962.805581    3690.008619    
13505.240000    1910.923073    
13195.759070    2879.925342    
12399.680000    2239.728381    
12517.646512    2804.703958    
14938.438140    4274.244543    
13553.418605    2344.003566    
15644.212093    5758.856697    
12881.380465    4422.160022    
14218.808372    3247.040278    
12781.493023    2680.617538    
14077.631628    2925.993713    
12676.867907    2108.433123    
17543.790698    7990.917604    
12436.804651    1977.671731    
13351.011163    3231.232506    
12921.308837    2319.158708    
17422.573023    7318.531507    
11931.278140    2340.847939    
13077.306047    3149.643054    
14966.394419    6575.411482    
13795.326512    5465.450343    
14953.247442    4283.113835    
14801.906047    3975.227676    
13067.823256    2901.175982    
14850.252093    4473.631749    
13294.286512    2665.275910    
12458.769302    2612.223381    
12724.867907    2670.024372    
15581.974884    3732.806822    
14253.156279    3003.453845    
12966.196279    2180.366521    
12934.421395    3347.187971    
13012.649302    2775.964667    
13038.855814    3715.123035    
12339.135814    3312.916529    
13281.871628    3701.880731    
12568.122791    2263.161708    
14854.261395    4407.217906    
14671.093023    4646.588254    
14132.047442    3291.656020    
13797.783256    3340.162430    
14097.486512    3127.946065    
13596.665116    2423.687152    
16690.723721    4545.997626    
14059.584186    3583.913169    
13367.484651    3632.804361    
13931.643721    2616.393818    
11745.781395    2274.047801    
14941.120000    6438.186056    
14776.467907    3880.682700    
12520.738605    2691.349829    
11253.981395    2628.593778    
13918.884651    3907.195046    
12507.960000    2606.687456    
12906.155349    2849.700298    
13750.523721    3665.476797    
12882.520000    2247.460472    
13471.422326    3226.466700    
13706.128372    2171.105716    
15234.266977    6441.613988    
13522.799070    2917.508287    
13311.851163    2837.320101    
13165.195349    2458.915650    
11821.801860    4033.310971    
13528.673488    3150.098977    
14972.530233    4079.711677    
13736.466047    2578.869152    
14620.945116    3863.526121    
14960.862326    3878.970305    
17061.720930    6853.856846    
12223.350698    2605.764379    
13631.784186    3670.211124    
12631.068837    2557.857545    
12865.527442    2341.393933    
13935.420465    2874.738110    
13638.993488    4572.328859    
12927.791628    2874.715590    
15079.619535    4195.999184    
16472.696744    7075.897138    
15362.067907    6676.319333    
12706.806512    2252.782397    
14487.567442    4728.221294    
15922.368372    6587.416877    
14248.518140    3567.213968    
15141.245581    4644.171990    
13732.126512    3927.016395    
15219.801860    3238.349299    
14892.320000    5153.821950    
15759.836279    5189.986690    
14822.457674    4478.015422    
14598.157209    5332.177054    
12770.987907    2526.614793    
13585.828837    3266.139528    
15957.745116    5367.822280    
13984.057674    4225.968526    
13308.694884    2598.245948    
12143.493023    1948.843536    
14239.528372    4530.887857    
13761.069767    2772.731893    
15150.093953    4610.999506    
14232.111628    2564.291289    
17018.660465    5097.069955    
14229.978605    3204.121961    
12289.829767    2816.753672    
14449.355349    3702.162922    
14906.823256    4739.289961    
13239.906047    3096.097733    
15517.893953    5112.544022    
15082.382326    3772.851293    
12605.711628    2733.862566    
14903.660465    4467.030823    
14301.374884    4469.788573    
15552.693023    4323.123425    
13576.472558    5242.257997    
15591.583256    6460.590518    
13032.043721    2347.399434    
11796.758140    2121.274105    
12043.754419    2474.505435    
13338.983256    3076.856281    
13318.890233    3657.398502    
11410.265116    1932.435498    
14124.526512    2621.037993    
14488.578605    4736.751270    
14175.052093    3519.351126    
12498.069767    3246.190165    
15650.648372    4248.481323    
13925.351628    2152.704300    
14036.666047    3022.104907    
12664.276279    2545.633919    
16280.571163    5078.785119    
12802.937674    2561.853871    
14321.669767    6036.053648    
14960.911628    4124.857401    
16417.946977    6320.142367    
17189.739535    6220.335089    
13835.686512    4674.998149    
13512.693023    3711.719905    
13834.832558    2740.536275    
15573.407442    3266.454380    
13943.118140    2411.541114    
13256.684651    2966.885297    
13572.924651    2281.685851    
13547.504186    2356.501286    
14646.747907    2894.894895    
15517.536744    5987.603940    
12345.093953    2926.606162    
14322.567442    3283.186099    
14759.644651    4554.455658    
14933.041860    3887.557118    
16107.982326    5312.424440    
15616.923721    3448.229372    
15901.935814    4710.700654    
15414.347907    4745.625323    
13824.091163    2406.534596    
17638.986977    6744.006255    
16522.518140    5036.867298    
16172.472558    6503.124422    
15081.046512    3366.817805    
16132.273488    4564.845116    
12773.938605    2813.253639    
13646.317209    2818.395069    
13912.867907    5148.653049    
14079.287442    2634.809881    
12434.561860    2562.900403    
14203.520000    3045.036812    
13467.986047    3204.068736    
19252.470698    9823.871094    
14887.719070    4195.538683    
16088.715349    5618.244282    
13697.614884    3328.349285    
14050.377674    3057.068216    
15602.344186    6259.208676    
15067.400000    4985.934110    
13051.295814    2925.259902    
13319.468837    2874.817306    
13086.394419    2190.808903    
13961.481860    3248.553961    
12891.624186    2280.884503    
15211.676279    3676.384418    
14131.669767    2636.975211    
13563.286512    3416.904182    
14635.704186    4420.640775    
12754.389767    2609.088106    
14800.018605    3681.564409    
15738.334884    4351.759113    
13167.145116    3385.105186    
15605.005581    4606.959954    
14296.410233    3394.109936    
17086.351628    6371.215507    
17253.386047    5568.552862    
15643.434419    3703.077647    
14035.347907    4301.557130    
15297.772093    3512.786271    
15228.530233    3752.301463    
16159.922791    4500.547133    
13716.137674    2726.605760    
15091.806512    4875.709408    
14407.758140    3463.433179    
15407.184186    4246.678616    
15647.816744    6405.750982    
14785.416744    4979.244241    
13746.485581    2963.902477    
12515.560930    1866.276883    
14631.342326    2917.682122    
14475.600930    3259.795732    
14309.377674    3158.549275    
15672.857674    4101.154574    
13807.375814    3006.196778    
14380.732093    3966.033089    
16329.374884    5837.331861    
13741.561860    2957.832544    
14228.720930    3450.612851    
15469.584186    5085.264360    
14488.759070    4640.155112    
14243.253023    3701.920466    
13465.172093    2724.088619    
13952.303256    2493.965515    
12489.772093    2631.735968    
13513.519070    3572.709787    
14048.967442    2896.625125    
14524.588837    3029.551404    
13645.237209    2505.331081    
13507.325581    4442.663688    
16040.374884    4800.817861    
12674.294884    2421.417534    
16654.327442    5651.916843    
14357.599070    3399.217038    
16147.111628    5050.207160    
17125.932093    6630.523902    
13464.323721    3074.138138    
17193.880000    5863.599770    
16246.092093    5386.963660    
16071.745116    5995.727180    
18672.260465    7087.482189    
13829.497674    3832.464284    
14820.187907    3936.764056    
14218.496744    3346.771744    
12843.892093    2900.421960    
13352.105116    3668.533260    
16998.128372    5731.195036    
14879.481860    3448.008955    
16390.657674    5383.088823    
15309.920930    7068.494819    
13713.627907    5209.357781    
13407.475349    3899.978895    
14829.914419    3451.116008    
15274.808372    4843.098579    
12089.475349    3739.319651    
14076.674419    3222.251442    
11469.132093    2282.789352    
12075.855814    3054.620918    
17356.353488    7067.697155    
15010.080930    3564.165234    
17241.108837    6327.337273    
13535.642791    2293.102209    
14159.152558    4389.094292    
14033.942326    2901.518101    
11818.880000    2825.155601    
15146.973023    6886.154902    
12938.709767    3095.516334    
15851.623256    5086.273089    
13020.440930    2147.944145    
17036.723721    6752.664144    
17222.204651    4767.389428    
14079.868837    4346.275296    
17276.371163    5729.754336    
16533.726512    7310.600431    
14687.013953    4225.551343    
15041.366512    3825.663844    
14343.513488    3136.395998    
14167.492093    3897.773349    
13131.336744    3595.113706    
14880.968372    3544.704430    
13751.577674    1777.298264    
17159.877209    6845.203108    
16370.427907    6347.356937    
14312.434419    2934.457958    
16173.534884    4878.070301    
15644.966512    4140.211096    
14339.379535    3947.448497    
17215.704186    5646.928359    
21607.833488    11794.639099    
13092.241860    2969.772667    
18499.567442    9626.508708    
13675.280930    1809.270872    
16217.168372    3822.407004    
15760.784186    2797.014996    
12295.136744    1929.232863    
13567.682791    2820.346187    
13344.433488    2899.367708    
13848.161860    2660.581296    
14543.703256    3802.997462    
13295.586047    2692.955585    
13028.842791    2194.764344    
12694.248372    3052.106116    
14042.094884    3542.855209    
18180.553488    7422.560649    
14329.055814    2692.418050    
14505.397209    2976.045633    
14329.444651    4818.267551    
15406.830698    4029.018872    
14717.751628    4332.648093    
13763.226047    3094.952358    
17647.197209    7118.218879    
13550.176744    3777.667453    
13099.065116    3258.533277    
16170.026977    5690.191150    
15533.746047    4652.222324    
12671.245581    2818.760448    
13310.375814    3607.581003    
14382.055814    5022.615692    
12631.248372    2526.394131    
13679.866977    2766.120780    
12285.249302    2128.294971    
14993.964651    4317.559687    
13647.979535    2790.894141    
14915.143256    3769.570816    
13499.833488    2599.646036    
13809.120930    4417.278775    
15090.872558    4715.123399    
16506.500465    7738.681681    
13180.873488    3228.185353    
12224.216744    3861.012223    
15704.687442    6747.685374    
13461.653023    4858.688711    
15889.026977    4370.366337    
15964.450233    4559.940888    
13655.926512    2517.082048    
15594.839070    3435.757975    
14828.334884    3604.033436    
15648.073488    4830.300770    
13286.504186    3014.818881    
15727.144186    3996.155515    
15315.031628    3224.397273    
15145.632558    4414.582859    
14028.257674    4289.837993    
13569.394419    2636.693701    
13076.626977    2572.906367    
12449.388837    2294.353799    
13170.025116    2519.917716    
12164.913488    3281.421000    
18397.542326    8271.876103    
13359.564651    2915.956603    
14711.006512    7461.999168    
17889.326512    7607.017235    
14820.556279    3794.119970    
14502.450233    3234.880905    
12420.810233    2213.104821    
16329.238140    5541.486340    
16458.089302    5010.578931    
15525.665116    5153.503708    
17299.946047    5694.322651    
15459.481860    3787.527275    
13980.682791    2876.815559    
18630.629767    8681.264422    
20071.466047    8535.028012    
18334.967442    6377.189272    
14725.266047    4104.716057    
