7294.239953    12667.754038    
7531.444444    13195.409576    
8819.374468    15298.251768    
9598.869267    15673.148139    
8360.613239    15079.355692    
8229.879196    14465.026462    
7372.313948    13205.434409    
7085.643499    12528.978396    
6831.827187    12418.352976    
8705.928605    15247.513780    
8382.463121    15338.360762    
9063.805910    14361.087854    
7066.407565    12567.952078    
6639.536407    11750.106741    
7181.952246    12745.333043    
8279.070213    14548.265862    
7165.951773    12195.517788    
10889.256738    17901.964943    
6896.549409    11961.839731    
6970.348227    12467.973257    
6432.110402    11208.344859    
7432.918203    13208.469471    
6612.975414    11799.830561    
6762.868322    11698.120703    
6483.372340    11468.842585    
7035.352719    12099.217054    
6798.224350    12336.172598    
8081.126005    14179.258048    
6627.519149    11898.283673    
7095.243499    12299.941237    
6674.961702    12374.591581    
6666.807092    11750.409920    
6662.322695    11734.210210    
7169.692908    12610.063402    
7022.474704    12687.228313    
6823.587234    12633.070813    
6378.276123    11729.518088    
6978.282742    12182.147289    
6538.222222    11883.518100    
8005.377778    14863.744296    
7011.301655    12484.088714    
8666.039716    16005.073111    
6797.906856    11923.819993    
6168.271395    11717.232474    
7028.906383    13481.080683    
5858.844917    10656.511065    
5253.997872    9319.554653    
5194.760047    9904.219091    
5441.518676    9684.142258    
7131.532624    13748.467220    
6107.030024    10080.789891    
5293.045154    9553.316901    
5243.943735    9435.126664    
5004.104492    9052.088205    
5211.466194    9099.780202    
6079.779905    10980.172902    
9767.100000    15065.021147    
5816.410638    9605.078823    
5880.592671    10080.274986    
8675.060047    15319.179287    
8114.592199    13352.210615    
8900.640426    14705.745434    
7558.183688    12108.091187    
16133.560993    21381.935893    
17332.063593    18472.813862    
12106.291489    15773.273861    
11382.462175    15895.928416    
8533.061702    12832.382075    
8103.816785    12154.802124    
11767.454846    15976.171938    
12934.016312    18993.401738    
8356.407329    12319.211545    
10961.998582    13453.267136    
10508.855319    14723.335860    
8031.673286    11537.834795    
8676.638771    12652.254257    
9321.341135    13915.998131    
8331.051064    12508.631408    
17428.861229    21365.288349    
8720.796454    13549.766973    
10091.108983    13318.258678    
8295.478960    12719.609799    
8512.354846    12274.567175    
8273.442080    12179.687411    
8190.445154    11679.777708    
7435.230969    11057.228876    
10404.508038    15603.524882    
7945.445154    12141.395746    
7726.752719    11285.639583    
13276.870449    16885.826572    
7769.847754    11298.504662    
8246.134515    12037.771001    
8826.203073    12653.167576    
12517.885343    17371.200769    
9503.021277    14212.631681    
9690.701418    12844.190281    
8974.147045    12580.874275    
9358.268794    13206.556048    
10359.634988    14453.706608    
11655.954137    16037.468933    
11413.554374    15517.759739    
11797.649409    15995.642833    
12720.916785    16681.811737    
13946.084870    17852.916871    
13947.901418    18247.018511    
15459.587470    18839.279382    
12788.462884    16684.764108    
14890.791962    18402.266193    
13463.404255    16960.454508    
15753.263830    17459.670994    
20379.513475    22331.940902    
16427.919622    19221.197861    
13001.133570    16380.138438    
14521.414894    18354.164034    
13445.157920    17067.231448    
12732.897636    16670.218053    
13955.734752    18640.928634    
12336.273522    15902.869137    
14381.904492    18424.806800    
12720.104492    16430.238286    
12923.315130    17041.347743    
12449.557210    15459.615394    
12836.596217    16422.709459    
13004.712530    17075.077994    
12872.049882    16650.164339    
11779.625768    15802.373282    
12465.639953    17042.975520    
11788.700236    15049.244312    
11476.357683    13741.698934    
11914.059574    15775.071101    
11441.356501    14924.334094    
11035.563830    14471.881844    
10831.574704    14055.421611    
12150.640426    14822.033923    
10904.533097    13489.324382    
11940.192671    16125.925614    
11503.449173    14138.041555    
11922.580851    13851.658150    
12495.359574    15380.114638    
13068.708983    15212.671467    
13360.059338    16038.830104    
12932.128369    14824.325402    
13885.958156    15901.326452    
13959.925768    16060.442924    
14037.529551    16082.543659    
14400.763593    16118.548265    
14273.312766    15894.693365    
15101.225059    17166.380073    
14990.596217    16530.282404    
14752.279433    16700.157384    
14122.345863    16627.970311    
14584.713002    16610.415043    
14547.662411    16811.018042    
13719.479196    14957.246050    
14724.661702    17351.886014    
14892.438771    17778.058173    
14347.733806    15896.051077    
15023.805437    17651.159841    
13779.726241    15580.040282    
13212.551300    15892.346762    
13513.257683    15344.327843    
14932.510638    17115.757400    
13617.547518    15094.956562    
13803.246809    16674.079087    
15150.320331    17446.475311    
13831.309929    16135.623360    
13546.599527    15952.071673    
12600.597163    14753.258080    
12535.952482    14669.994556    
12619.417258    15126.242644    
13939.573050    15364.853518    
13600.974704    14993.036676    
13380.836407    14857.672374    
14742.906383    16158.565985    
13247.681797    14442.527514    
12837.749645    14937.772014    
14196.346809    15940.959842    
13666.154610    14337.672531    
13700.578251    14635.108765    
15764.651773    16355.813579    
16011.115839    15748.902665    
16206.217494    16842.135648    
17371.881324    18545.753111    
18677.971868    19486.932903    
20471.644208    20760.167398    
18284.906619    18703.446910    
17035.923877    17150.382379    
19015.501891    19384.066811    
18717.513239    18059.863197    
18693.135697    18916.360717    
17876.286761    17828.608551    
19485.598345    20138.934756    
19287.241135    18354.882321    
19209.808511    18160.893906    
18934.583452    19139.275510    
19381.511348    20035.454450    
17598.996217    18016.843911    
21976.285106    21666.776074    
21300.262884    18124.010496    
18812.321040    19293.725391    
19457.783924    19996.627683    
18001.752482    17828.527763    
18356.631206    18270.323424    
16932.449409    17129.167880    
16727.063357    17198.013989    
17387.654374    17795.690125    
17355.592199    18140.445684    
17890.129314    17762.294119    
17044.731678    17328.405298    
15233.414894    14945.136302    
16988.652482    17833.677291    
15894.794326    16318.631057    
16277.487234    17039.595311    
17353.307092    16998.081811    
16726.356738    17440.277234    
17698.731678    16973.340359    
17368.824586    16786.204721    
16408.491489    16208.078082    
19786.464066    17373.523970    
18613.422695    15584.703129    
17981.652955    16931.552553    
19345.677305    17647.587859    
19794.818203    16960.829158    
19960.037825    18205.251308    
21617.598109    17988.587443    
18394.536879    17173.837442    
19205.208747    17823.324026    
20269.115366    18345.628233    
21980.760993    18401.588158    
21271.684161    19090.384597    
20294.275650    18831.256559    
19970.236407    17301.635783    
19588.534988    18095.856842    
19061.217967    17891.103894    
21439.402600    21447.999597    
21908.172813    19933.433674    
21234.729787    18456.948015    
19899.481560    18047.258401    
20444.256738    19708.253684    
21044.952009    18011.194710    
21112.296690    18822.944385    
20347.506147    16523.986716    
18576.710165    18009.530399    
20378.598345    16227.114174    
19276.364539    18528.609386    
20977.021749    17439.308750    
26451.913239    19693.094987    
21350.481797    18240.729756    
20929.171395    16615.102510    
20290.142317    18335.379250    
20437.386998    16607.424934    
22229.684161    18217.943098    
20125.840426    17720.204191    
19686.237825    16568.561227    
21064.078960    16470.484557    
22655.913002    16572.074635    
19457.311820    17211.424506    
23320.074232    18122.706355    
21760.180615    18370.952093    
19567.143262    16498.056056    
19677.133333    18224.753755    
20001.422222    18211.079669    
20834.827187    18358.934328    
22868.706147    20477.666200    
21243.477541    18756.987759    
22038.664303    18906.700868    
20342.139716    16790.935649    
21918.522459    19484.840415    
22555.779196    19941.536394    
21229.077305    18424.883669    
20336.408511    17222.626731    
23108.424350    17491.472465    
21390.079196    17386.816996    
19914.284161    16163.882790    
20884.159102    17732.245319    
21267.292671    16927.059386    
21003.312293    18429.091576    
22587.484397    18258.389075    
20609.888180    17732.275749    
28625.738061    18162.318996    
22749.180142    16893.391164    
21753.150355    17364.512737    
21652.856501    17075.545753    
24468.014421    22293.545353    
23012.582742    19559.069059    
24274.988416    17542.245945    
20466.777069    15749.508061    
23778.447754    19314.912925    
21790.694326    17486.430612    
21193.087234    17572.671420    
20622.776359    18453.745415    
23457.156738    17638.096441    
19557.090544    16516.716834    
21142.282742    16609.673557    
23542.229078    17364.518780    
22836.395035    18744.967054    
20577.783452    16256.847021    
23387.923404    18881.451481    
21686.660757    17054.730762    
23965.398582    16484.210846    
23876.734279    19431.313999    
21930.726478    17209.253289    
23088.551064    19140.254841    
23108.902128    19163.429688    
23575.885816    18450.715801    
22461.024586    17793.680031    
23729.153428    16789.420783    
23321.606383    17445.866356    
24033.338534    17021.729411    
22580.548936    18077.551199    
23818.837352    17766.761251    
24057.665248    18457.904617    
23095.769976    17222.988368    
26803.873286    18677.417552    
23861.657210    17129.544129    
23438.064303    18379.706537    
23215.472577    18536.948346    
20527.677069    15793.731593    
22477.321040    16537.381890    
24803.170449    19701.961943    
22414.689835    17178.960778    
22845.875887    18586.921783    
26807.281087    17054.331917    
24691.750355    18105.693686    
27990.704019    16554.380108    
29354.609929    17305.567944    
27048.313475    17552.498353    
25119.864303    19215.841065    
27892.095035    18326.690086    
27670.118203    19129.542230    
30833.446099    19136.234251    
29942.315130    17259.486551    
22418.811820    18808.627607    
26156.727423    18167.024887    
23901.554610    17020.938350    
23823.282270    17715.946769    
23952.134279    18663.223554    
23393.271158    18356.214992    
25400.499054    19993.523392    
26495.781324    19458.663419    
25070.735697    19592.094517    
25449.691489    17953.642042    
24370.808038    19207.484773    
24629.698109    20170.748076    
24689.335225    19795.789394    
25672.563121    18306.587067    
24804.933570    19000.296178    
28836.601655    19868.639398    
24337.841135    19667.235737    
24369.192908    19197.539849    
23567.883215    18378.975913    
24761.245863    18444.586153    
24670.824586    18633.767398    
24458.058629    18624.838925    
23169.215130    19590.230971    
26771.048463    18464.929843    
25773.428605    17879.540829    
24433.084161    16533.389324    
28716.545626    17189.630339    
28233.039480    16296.086711    
34209.794563    18321.606489    
30507.803310    15301.167825    
31812.409456    14928.734089    
30113.051537    17217.154486    
29412.783688    14104.085867    
30263.720331    14776.790902    
29029.051300    15903.086899    
30324.843972    14758.668718    
27336.843262    14651.232501    
30807.058156    18204.210538    
26676.379905    12811.043936    
27646.453901    15619.304037    
27010.586288    16024.594778    
30700.827660    15684.190339    
29318.230024    15469.426873    
28001.463593    14690.670344    
28957.313948    16320.741587    
33306.389835    17170.177581    
32844.498109    18005.718376    
23796.596690    18702.576423    
27315.166903    16468.452557    
24131.833097    17921.679045    
27064.091253    17105.354125    
25625.759102    18044.945147    
26182.470922    16781.017037    
28094.321513    17190.780912    
28510.868322    17728.273285    
28106.188416    15928.602873    
25412.218440    16536.693705    
30947.774468    16604.641731    
27807.101891    15762.036892    
29708.499764    14810.835026    
29966.929314    16932.428370    
31528.973286    18449.910247    
31339.310165    17159.566716    
27632.370686    17912.863659    
27971.805910    15933.226782    
26686.763830    16083.165105    
28277.487707    16270.311476    
30397.094799    16883.406319    
31706.017494    16520.021800    
29744.769031    16626.795785    
29642.949409    15834.759551    
28398.745154    13913.600851    
29621.151537    16257.019739    
27421.254610    15603.829982    
29305.409456    15477.586004    
29323.764066    16500.430492    
26680.374704    15288.757204    
28772.620331    13468.082039    
30918.161466    16725.818754    
27226.870922    16128.165228    
29124.840662    16232.557728    
30130.502128    17267.598703    
26017.804965    17180.837810    
26120.901655    14630.485383    
28789.631206    16192.195376    
28162.640426    16096.745919    
28548.329314    17527.009548    
29959.941135    16172.509107    
27773.853428    15094.496590    
29614.018440    16646.408157    
27139.729078    14468.791753    
28042.623641    14605.920345    
29402.719858    15181.235545    
26899.604965    15793.006189    
28152.043499    16450.442662    
28216.794799    15869.096268    
27492.221986    16361.587543    
27285.586288    15650.279727    
29334.714657    16981.948214    
29428.317730    15224.486320    
30895.860047    16710.261848    
29413.294799    14759.084705    
28329.241371    16918.733748    
27774.292199    16411.328653    
30033.590544    16488.727209    
27320.009456    16190.949445    
27360.838771    15464.944354    
28410.284634    16615.753773    
28788.114421    16699.193119    
27412.898818    15550.373831    
26493.555792    15765.330900    
29765.774232    16774.868206    
27783.852955    15435.734015    
26368.034515    15286.423207    
30908.151300    15615.173556    
26421.891017    15760.974166    
25791.352719    15848.322067    
28974.342790    14849.524541    
27088.772577    15716.788660    
28779.839243    14979.425648    
26946.047045    14845.660277    
27919.412766    15679.203513    
28920.613239    17081.207846    
27406.924586    16002.751284    
28490.097872    16146.751785    
28937.762884    16673.044192    
29049.731442    15447.279740    
27676.735225    17003.183040    
28187.632624    15530.078662    
28463.607329    15383.432181    
28224.290307    15142.221516    
28774.614657    16654.218167    
27678.161939    15748.677035    
27220.953428    16264.673148    
30150.447518    16398.924571    
27789.303310    16751.833040    
30751.034043    17093.602907    
30062.471395    14981.116906    
26717.187943    15442.485183    
27020.726005    14337.684081    
26964.632151    16595.525311    
28124.434988    16815.566964    
25800.780851    14182.177506    
29790.834279    16007.559017    
27311.914657    16704.593872    
26925.885579    15133.832919    
28524.534515    16278.721862    
27558.882033    15854.674772    
28705.272104    16549.013058    
28923.428132    15503.442530    
28556.944917    14194.815944    
27171.178014    14897.159038    
27306.048700    15734.045119    
28417.847991    15060.382084    
28538.332151    15793.424988    
28779.182979    15430.328604    
29133.062411    17249.768584    
28087.845390    16612.208639    
27738.889835    16541.426904    
27245.352955    14968.070920    
28000.842317    16710.084087    
30482.165721    16698.333555    
27280.262175    15966.103880    
27852.511111    16350.057616    
29307.770213    17989.757988    
27676.443972    16196.780904    
28532.762648    16106.557105    
27918.656974    16638.909188    
29337.573995    16671.310101    
26948.046809    16529.407555    
27237.533806    16058.362244    
29399.517967    17266.678618    
28118.209693    16494.089030    
29233.724350    17487.741739    
28587.152955    17606.665020    
29289.697163    15607.619042    
27679.362411    16610.845334    
29580.324823    17372.543122    
27983.695508    16583.160199    
27940.108274    15020.245325    
28492.321749    16996.759425    
27597.325296    16173.301316    
28987.748936    15815.049847    
27700.993853    15288.462298    
29438.949882    17011.481483    
28213.976123    16145.976438    
27913.451300    16004.833354    
27790.179196    16577.400663    
26889.442553    16271.406025    
28388.739243    16503.617358    
27913.734752    17276.932051    
26822.261939    16652.067988    
27727.796690    15029.105402    
27373.471868    16594.891001    
26220.022222    14409.811506    
28453.919149    15312.436388    
28506.374232    16330.974474    
27547.148700    15647.913723    
27326.359102    14692.825766    
27654.455083    15815.526523    
28663.842553    15637.971513    
28782.693853    16257.195437    
30196.740426    16871.912200    
29328.535697    16863.044670    
29341.309456    14984.032991    
29391.782033    17545.914597    
29139.076832    17153.748374    
28591.138534    15755.081231    
29357.388180    17292.463905    
28804.538771    15459.386811    
31593.585106    18750.591944    
28244.943735    15680.876892    
30205.628842    16796.896195    
29192.489835    15964.921175    
28934.837825    16147.666869    
29862.552009    17411.679991    
29350.226950    17060.978898    
29062.982506    15191.696122    
29145.670922    15741.207766    
27483.417494    15665.391497    
29987.660757    16131.282640    
29000.287707    16179.670290    
29844.604492    16778.123959    
31008.526950    17419.456056    
29854.348227    17005.519775    
27126.063830    15057.907924    
28286.043026    16063.282709    
27581.196454    15478.241784    
30364.009693    16662.681160    
26763.470686    15379.005570    
29050.419858    15333.394031    
28553.352246    16179.669030    
29207.248700    15557.351439    
29073.167376    16437.610179    
29929.355319    16454.412955    
27575.698818    15267.807752    
28954.799291    17371.903509    
29839.521986    16139.754725    
30130.840662    17475.335772    
31101.166903    16708.450017    
29989.978487    16800.541713    
29901.276359    15884.696121    
29596.659338    15896.319952    
28045.716312    15414.066640    
29952.077541    16012.299631    
29703.044917    14721.263569    
29079.112293    15447.445876    
30025.735461    17136.188906    
30687.477541    16254.518641    
30025.651537    16765.859556    
28535.999054    15722.624445    
28997.853191    15438.803339    
30040.457683    16476.893259    
28340.728605    14889.053933    
28004.936643    15900.810418    
29346.433097    15260.127946    
28762.616312    14942.911459    
28911.625296    14427.524831    
29201.347518    14765.876979    
29143.313948    14950.699878    
28232.325532    14825.704136    
29081.276359    16441.173799    
29654.971631    16668.305845    
28230.228842    14813.359374    
29544.255319    16838.355501    
29050.860520    15629.172364    
28754.478960    17052.756677    
29540.904019    15950.892668    
28375.078251    16081.954275    
29938.071395    15133.525415    
30405.830969    15929.965758    
32325.709456    16550.227457    
29764.924113    16653.147687    
29173.217494    16662.718747    
27922.347281    15814.715471    
28810.039953    15512.592672    
29037.318440    15491.152363    
30188.982742    16150.653464    
28902.739716    16201.085299    
29180.246336    17095.925981    
27207.095272    16210.425957    
28275.484161    15919.751243    
29808.771868    16912.736213    
29861.786761    17256.066662    
29003.633570    17996.043523    
29291.144208    17098.005615    
28459.923404    15876.165264    
28672.296454    16085.695386    
28411.065957    15877.378086    
29460.352719    15918.084447    
29326.058865    15972.675010    
26492.839007    15412.243532    
27989.047281    15823.473811    
26997.255083    14336.724145    
30715.747991    16418.201328    
28241.885106    15943.601160    
27784.266903    15165.582166    
27344.513712    15289.551523    
28379.967376    15268.142876    
28183.961939    15843.354397    
30404.989362    18006.213403    
27751.791726    15707.314556    
27984.193144    14763.297044    
28026.295745    17053.533199    
29310.570449    17163.032945    
29720.401891    17451.946141    
30312.860284    17080.449744    
29841.247045    16290.321741    
29740.095981    15889.073410    
27473.269031    15069.356171    
28699.704492    15728.880590    
28336.367376    15858.106278    
28462.054846    15884.365194    
30084.135461    17716.500788    
29366.421277    16892.336598    
29969.872104    18233.234169    
29362.726950    17058.286794    
29089.542317    15644.987442    
29202.274468    16673.855637    
29607.734752    17339.267651    
28726.168558    16760.033029    
29166.541135    16693.142586    
29503.404255    16249.303909    
29799.527660    17381.909984    
30849.950355    19504.201764    
26272.977305    14713.352733    
27019.819385    16093.886669    
29418.772577    17156.980519    
29223.794563    17381.983832    
27572.591017    14728.586434    
28088.700946    17105.543418    
29306.864539    16227.597587    
28538.071395    15675.349236    
29399.564539    17077.192613    
28584.601655    17048.732795    
27297.241371    16035.739760    
29703.073995    16793.936033    
29085.627660    15861.031877    
28402.142080    16810.160433    
27581.497636    15707.297848    
28649.295508    15888.871289    
28950.698818    17451.114344    
28544.676123    16414.765649    
27210.832151    15661.679569    
29039.149645    18637.014264    
27875.900473    16681.374088    
27750.719385    16285.864542    
28444.963121    16177.600320    
27454.862175    16248.251248    
26729.760520    16077.546252    
29813.939716    15289.225598    
26543.718440    15324.074555    
27430.963121    16794.962896    
28433.161939    17468.041694    
28901.256028    16167.003559    
28358.930496    15945.468125    
27859.341608    16080.461443    
28999.325532    15947.309975    
30267.862884    17484.343164    
28144.259811    17020.222622    
29105.271868    16446.568851    
30689.936407    15336.451333    
28515.455083    15596.100216    
29687.664539    17080.742817    
29008.760757    16220.338525    
27677.429787    16205.202621    
29190.982270    17074.075489    
27281.289598    15296.193813    
28866.422695    17208.422473    
29055.666430    15094.444314    
27060.528132    15790.103704    
28440.956028    16752.308671    
26889.512293    15836.417149    
30049.746809    15758.978598    
27757.662884    16414.926248    
30377.682033    17563.736951    
27496.318676    14601.363685    
29396.763357    15975.205503    
25854.290544    16274.516208    
29311.494326    15820.774183    
27671.441844    15777.276562    
29009.491962    17752.611835    
28616.020331    15495.723946    
29795.718203    16000.566017    
30732.270922    15213.119374    
29112.989362    16669.062727    
29558.437116    17254.896203    
29054.409220    17189.867095    
29715.728132    16619.527232    
30084.423168    19151.592431    
27774.093617    17616.712443    
27410.824113    17707.520629    
27248.561702    16295.779850    
26024.800000    16169.966907    
27358.796927    17013.601797    
27554.304492    18434.013837    
27384.091726    16154.777933    
28472.299291    18628.607137    
27379.030969    17008.652953    
28395.935934    17579.778143    
26166.844444    17561.632747    
28637.855556    17655.340963    
28145.320095    18815.866469    
26481.238534    16909.555682    
28212.485106    18094.049771    
27113.203783    18721.256924    
27253.829787    18023.992649    
25233.513712    17556.852502    
28513.323877    16543.824780    
24976.256265    16968.463069    
26106.473286    19455.130708    
25765.479433    17964.664674    
28046.053428    18791.127507    
26213.854374    17668.102778    
27955.312057    15923.846183    
26583.142080    16703.753748    
27101.498345    15291.560713    
28568.459102    17437.427670    
24669.816076    17388.977879    
27155.764303    17111.036873    
27371.101182    17936.041551    
26387.839243    17339.172125    
24968.600473    18033.431999    
25472.848700    18812.618240    
23956.348463    18094.971940    
24402.927896    18705.795336    
24563.816076    19535.721115    
25882.036407    17315.442924    
26638.271631    19672.305529    
25527.860757    16760.060446    
26818.478960    16853.304011    
25297.315839    17412.620108    
25496.385106    18228.753533    
24898.696217    18084.860064    
28292.800473    18898.663441    
25115.385579    17452.349010    
28567.469740    16762.350120    
26124.496454    18344.126404    
26534.318913    16050.109447    
28161.645390    19075.735706    
26346.367376    18534.217702    
27605.464775    18905.762039    
23645.657210    16882.780437    
25513.457683    18882.884796    
25048.603546    16574.031490    
26010.960284    19210.661107    
25788.321986    19363.269081    
25243.915366    15855.841816    
25307.778723    19656.769622    
23610.863830    19342.024655    
28339.734988    18332.695415    
24649.764303    19181.158385    
24496.282506    19560.961337    
25752.017021    17827.311011    
24448.296690    17928.832390    
22226.195272    20479.398209    
23861.575887    19468.620155    
23182.587943    18451.414969    
22741.286998    18629.101250    
24777.585579    18235.137619    
24914.625296    16996.821406    
24342.944681    17609.154691    
24488.899527    18728.119665    
22318.800946    18294.565540    
25014.089362    19714.692667    
24117.221513    17450.700263    
26420.308038    19104.975750    
24455.585343    17817.748327    
23577.143026    19151.582414    
24355.289598    19609.103014    
25326.600709    19218.793336    
26286.015603    19705.387142    
24013.731678    18762.656927    
25150.171158    20808.017736    
25376.084397    18871.064432    
25246.362648    19720.920788    
25812.666430    20708.370230    
27084.419858    17979.054572    
24519.184161    20450.376921    
24592.604965    20333.578488    
23883.932388    19298.083078    
24715.960284    18725.534279    
22943.573286    18018.574106    
23973.550355    18688.134944    
22638.382506    18169.403640    
23107.204965    17735.617414    
22864.232388    19349.551979    
24040.662411    18799.446788    
22301.206619    17944.206442    
24941.868322    17384.573098    
22057.251773    18976.768220    
24577.969976    18173.903081    
22848.954610    17688.937302    
24381.619385    16616.814407    
22610.675887    18930.792258    
21475.478960    19225.753081    
21632.152246    19660.537747    
21784.993853    18742.843827    
22238.423404    19291.053378    
21481.733333    18597.416631    
21371.582033    19283.410746    
21967.361229    18697.328758    
21920.280378    19349.341423    
22205.557447    19436.131297    
22872.300709    19575.860915    
22688.539243    19147.668902    
22605.756501    19982.114160    
23826.571158    19876.256806    
23668.877069    20189.515910    
24202.259574    17498.672632    
23174.928605    19496.959200    
21615.478014    18491.762786    
23046.586288    17721.018954    
23868.394090    20280.921031    
20510.221040    18405.246160    
24429.406619    21221.008960    
23764.994799    19547.107801    
26440.077069    20319.492132    
22690.587234    21326.858945    
24357.954374    21019.738534    
21821.315839    20046.880635    
25310.080851    22353.694234    
22153.292435    20670.870070    
21369.526714    20890.165204    
22464.946809    20539.656395    
22234.362884    19872.791144    
20475.755083    19081.810540    
19642.978723    17868.395091    
22311.116785    19913.300543    
21201.747045    19765.939493    
20456.608511    17804.698674    
23246.508747    18215.887333    
18936.662648    19655.869708    
18948.092671    17955.158051    
21197.265721    19456.081826    
19711.812530    19484.903395    
19061.811348    18436.819279    
20864.865485    19816.567452    
22564.801891    20636.583364    
19420.065248    19862.710795    
21146.401891    19710.028811    
22354.634988    21360.193091    
21697.585579    20587.730396    
20597.464775    18985.865435    
20550.022222    19078.875013    
21009.582742    20769.831608    
19569.135697    18204.972634    
19811.316785    20146.051613    
20413.959102    20189.635409    
20173.117258    19120.405867    
21567.566430    20497.895372    
19130.418676    18240.544181    
21571.128369    21057.971539    
19999.722222    19743.520091    
21208.090544    21048.237843    
20653.399291    20616.662749    
20206.316548    21091.069047    
18468.320567    19153.458473    
18668.147754    19319.621143    
18611.608038    18894.137013    
18737.636879    20619.850902    
16365.153191    17094.062239    
15983.617494    16993.520511    
15217.938534    16536.714132    
14160.339716    15978.667658    
15522.387470    16393.893838    
13266.187943    14974.544853    
13551.007801    15384.238416    
14275.448936    15213.501797    
14540.639480    15521.911550    
13996.042553    16225.499288    
13514.633806    15477.867787    
14942.827423    16475.099845    
14569.316548    16125.554013    
15523.165012    17926.344518    
14866.034515    16439.651746    
16524.713002    18379.966179    
15691.808511    16909.763403    
15550.742080    17135.228097    
16284.649173    17830.963036    
15319.677305    16653.252264    
16985.059338    18744.050705    
15293.954610    17014.434592    
19130.894563    20200.851675    
18033.184161    19412.448708    
16532.415130    17949.333064    
15773.370449    17437.370524    
16125.889598    17694.089747    
16326.689835    18038.628454    
17120.191489    19630.148241    
15654.679196    17437.190363    
16056.402600    18031.338915    
16717.463121    19100.225776    
17094.040898    19519.226231    
15389.086052    18118.729439    
15389.912766    18146.382781    
15497.659811    18546.536218    
14072.969267    16961.208594    
13852.887707    17547.112528    
13635.627896    17263.647797    
12919.975887    16921.707871    
12561.537116    15614.537889    
11547.130024    14952.429214    
12568.914657    16419.762269    
11736.605201    15445.438465    
11476.610638    15267.969655    
12397.870449    16092.343937    
10983.545626    14693.222514    
11932.533570    15633.313859    
12719.039953    15816.005267    
12173.180851    15594.624295    
12261.919622    16173.233977    
14937.692908    17764.351511    
15792.204492    18149.957619    
18051.471868    20797.142641    
11908.080142    15946.383716    
16794.684870    21015.461972    
15301.920804    18084.593426    
17642.489835    20925.216648    
17061.465721    19102.930443    
12772.021749    17217.863163    
13544.931678    17709.677622    
19364.327423    22757.152376    
12907.170922    17711.131414    
13041.668085    18307.908081    
16314.204019    19356.735919    
13332.600946    19106.223195    
13378.705910    18208.092984    
13807.280851    18538.795846    
14451.723404    19452.943876    
13306.064303    18951.842767    
15568.633097    20843.201590    
13961.760284    17432.687903    
12877.031678    18382.464461    
16577.074468    22804.200030    
15779.144444    22492.860377    
16089.263593    22583.298077    
15603.115130    22430.633486    
10242.822222    16313.142481    
17964.879196    24062.842769    
11394.139716    18219.810274    
11326.527423    16503.965196    
9540.615839    15864.226627    
9724.262411    16715.379091    
13266.843262    20286.361412    
10180.967612    17156.454515    
15935.963830    22199.849136    
10611.330024    17965.802661    
10173.953191    16951.670878    
11225.193381    17866.289155    
10534.657920    16714.945441    
11712.304965    18442.157358    
9948.607092    15563.388672    
10009.553901    16132.914342    
10703.388889    17108.920496    
11147.442790    17901.944915    
11319.930496    17867.477706    
9954.334988    15685.542402    
10336.821040    16146.733586    
10238.920331    15668.599899    
11705.630260    17909.190212    
11916.906147    18576.024896    
10673.784161    17073.111678    
10204.029314    16220.799803    
10305.829551    16538.400496    
9192.839953    15113.071141    
9088.105437    14748.013359    
9363.103546    15759.864647    
8800.262884    14479.856141    
9820.830260    16436.316417    
10522.790071    17124.484507    
10178.102600    16489.048081    
8575.732861    14545.786455    
8941.562411    14653.980274    
9853.910165    16122.376229    
9195.628369    15678.264543    
9774.342080    16233.094796    
10614.922695    17259.073754    
12303.426005    19044.559077    
11708.229314    18708.224023    
8466.658865    13984.494718    
8546.160284    14267.549744    
10427.867376    17258.891420    
8988.583924    15025.175368    
11802.680851    18764.964128    
10521.329078    16445.209343    
10033.477305    16305.912298    
9826.903783    16119.636875    
10423.444208    16503.026696    
10152.472813    16883.639373    
10126.383452    16421.980494    
8707.845154    14493.578754    
9695.721513    16142.417089    
11122.255556    17830.326369    
