1866.082143    31.063105    
1889.387500    53.605602    
1819.146429    279.217376    
1869.919643    32.848798    
1900.946429    43.870841    
1871.733929    53.844425    
1904.368750    49.265106    
1769.440179    442.714208    
1863.780357    285.552916    
1877.501786    51.068581    
1945.346429    82.237546    
1859.310714    349.738147    
1933.069643    51.187702    
1852.881250    166.915059    
1905.716964    69.104562    
1917.884821    120.952220    
1894.650000    49.287991    
1899.577679    196.228878    
1905.079464    68.422336    
1854.382143    360.847545    
1939.515179    291.742900    
1929.311607    97.055159    
1906.276786    379.341427    
1928.630357    45.815829    
1968.848214    50.062498    
1998.088393    46.521599    
2059.274107    44.400017    
2065.867857    100.474066    
1976.783929    234.275856    
1829.835714    572.627458    
1951.125893    404.354860    
2046.643750    220.148089    
1963.069643    389.535810    
2097.628571    51.370898    
1955.608929    435.210024    
1959.602679    419.343971    
2115.246429    37.746334    
2128.951786    58.333902    
2130.050000    66.010843    
2131.264286    62.243644    
2111.350000    172.081721    
2128.143750    57.510759    
2200.547321    34.639618    
2160.680357    51.235221    
2146.124107    88.873102    
2213.094643    46.696895    
2249.936607    30.431869    
2138.934821    349.962912    
2247.002679    41.573955    
2300.484821    40.879458    
2313.567857    38.591159    
2335.592857    48.502175    
2394.507143    52.948323    
2300.721429    302.197164    
2490.633036    80.480089    
2413.566071    98.830804    
2337.235714    341.656657    
2430.578571    89.153585    
2430.273214    85.453373    
2350.947321    82.320508    
2449.079464    50.550010    
2186.925893    759.538054    
2513.820536    83.645088    
2419.412500    84.965452    
2440.328571    53.580089    
2489.835714    411.693629    
2504.435714    367.166704    
2609.935714    88.677311    
2559.971429    75.059221    
2627.191964    147.857792    
2566.967857    109.568695    
2709.739286    57.260634    
2690.396429    82.387466    
2742.016964    336.542736    
2574.386607    663.992530    
2725.550893    441.332256    
2634.575893    381.836088    
2686.130357    442.840502    
2823.563393    382.959851    
2774.022321    334.333351    
2701.386607    359.713204    
2747.871429    385.990342    
2890.295536    195.692715    
2933.820536    190.790295    
2862.361607    96.691245    
2893.563393    58.920024    
2916.710714    85.469963    
2948.399107    79.816590    
2936.646429    194.956314    
2936.390179    129.105150    
2991.146429    91.674774    
3099.555357    110.743375    
3057.712500    76.276268    
3142.225893    88.590631    
3030.100000    73.104040    
3084.480357    234.140563    
3092.413393    80.835059    
3184.432143    80.548116    
3233.603571    180.477828    
3129.598214    69.626691    
3225.212500    64.781359    
3188.691964    109.659924    
3294.231250    53.869312    
3210.478571    72.161101    
3258.910714    59.333253    
3321.440179    69.852446    
3352.646429    107.054709    
3388.563393    352.463212    
3380.072321    97.129457    
3448.128571    137.622074    
3386.821429    258.661341    
3380.778571    83.507009    
3377.866964    116.051502    
3396.974107    109.298609    
3423.899107    77.004242    
3339.701786    654.246739    
3270.346429    738.808911    
3336.540179    839.392672    
3472.850893    749.732389    
3667.329464    92.649635    
3465.787500    573.831105    
3566.367857    684.002634    
3629.948214    549.329789    
3543.508929    562.745047    
3595.973214    618.252316    
3499.104464    709.552086    
3512.908929    663.857406    
3779.033036    514.082555    
3733.300000    136.568511    
3740.725893    103.887486    
3846.706250    130.288164    
3716.566071    88.127642    
3822.061607    211.738330    
3852.815179    138.869906    
3923.442857    134.602365    
3840.575000    121.450930    
3905.683929    508.284503    
3951.666071    494.531807    
3648.839286    861.501344    
3818.322321    910.006935    
3904.615179    688.287698    
3694.095536    971.749986    
3781.206250    646.870866    
3712.287500    981.663632    
3791.790179    721.373220    
3791.730357    281.846467    
3917.140179    145.977148    
4024.839286    194.777091    
3967.775000    98.752185    
3958.315179    133.854971    
4038.550893    115.074103    
3941.940179    72.188846    
3954.700893    85.190306    
4060.801786    228.914948    
3999.009821    326.364278    
3916.181250    676.948972    
4088.468750    290.325794    
4040.953571    242.582470    
4047.923214    319.339099    
4068.269643    467.291812    
3970.872321    906.067485    
4121.750893    617.239262    
4053.821429    631.339199    
4300.721429    266.803243    
4188.458036    565.428008    
4075.774107    553.375444    
4112.233929    593.043847    
4167.642857    513.800370    
4260.254464    536.528245    
4197.544643    533.795418    
4225.825893    613.862712    
4187.689286    654.590109    
4440.647321    583.630820    
4311.078571    597.140656    
4268.426786    574.042317    
4387.976786    615.435420    
4315.363393    583.825086    
4389.323214    297.472932    
4381.148214    571.649041    
4407.452679    419.014479    
4257.535714    716.051182    
4304.493750    693.619133    
4387.260714    629.729694    
4493.643750    477.931410    
4605.317857    396.963149    
4317.630357    886.062409    
4572.397321    299.450169    
4493.016071    640.839292    
4699.610714    477.629397    
4548.009821    427.669447    
4599.505357    142.482712    
4605.627679    184.518044    
4703.909821    196.248831    
4758.490179    462.120707    
4581.535714    762.685909    
4730.479464    630.284428    
4706.149107    552.570668    
4882.510714    235.521249    
4740.208929    752.169598    
4806.414286    335.656600    
4756.950893    597.951306    
4700.676786    493.015139    
4548.972321    1057.904327    
4523.225893    935.467392    
4817.875000    787.702403    
4760.286607    763.086907    
4833.867857    395.269999    
4910.146429    400.881847    
4908.984821    564.727680    
5134.198214    220.848801    
4980.607143    548.840568    
5210.691964    223.681563    
5083.845536    643.329111    
5132.469643    553.925537    
4970.637500    835.573494    
5159.359821    371.663550    
5073.061607    710.626083    
5080.772321    489.493628    
5000.987500    635.954145    
5185.138393    212.414490    
4964.273214    516.022873    
5180.150893    640.217457    
5132.742857    265.271212    
5196.327679    511.700246    
5092.308036    979.267145    
5341.178571    674.732353    
5156.829464    1352.465937    
5581.581250    1276.242666    
5169.781250    1565.096559    
4981.111607    1393.989349    
4984.360714    1635.674764    
5307.658929    1145.797380    
5174.789286    1197.333115    
5168.872321    1471.268833    
5239.323214    664.808610    
4744.525000    1594.927821    
5487.879464    429.799647    
5709.807143    370.988463    
5486.893750    475.480579    
5362.741071    279.973626    
5696.942857    452.175436    
5285.158036    1291.419997    
5390.890179    681.724697    
5555.131250    1039.857157    
5481.416964    1090.938097    
5667.426786    804.514441    
5848.093750    754.905464    
5590.155357    885.336212    
5950.901786    431.305540    
5925.015179    806.116535    
6081.295536    713.886408    
5874.491071    699.631266    
6034.592857    300.858193    
6141.083929    285.507231    
6006.106250    413.909038    
5846.600000    647.335248    
5793.282143    673.063607    
5803.769643    1139.208786    
5915.160714    916.143861    
5806.425000    975.619862    
5960.273214    479.575907    
6184.122321    991.476310    
5913.075893    972.613674    
6019.176786    730.932597    
6044.564286    619.119611    
5959.704464    1175.463041    
5681.463393    1361.232799    
5797.595536    839.749557    
6168.786607    473.831188    
6023.225893    651.610061    
5912.650893    919.974486    
5947.083036    1157.503866    
5988.177679    928.724703    
5985.033036    737.038586    
6460.045536    751.258920    
6281.512500    508.973349    
5893.803571    705.229327    
5887.285714    479.684681    
6005.342857    999.221501    
6127.737500    654.791444    
6640.365179    936.150857    
6152.374107    874.964399    
6433.836607    478.740490    
6667.350893    461.730318    
6321.822321    808.603899    
6280.291964    821.039163    
6375.796429    248.529697    
6385.322321    415.588041    
6293.360714    806.835439    
6514.773214    286.351137    
6384.357143    367.817403    
6459.488393    620.961735    
6361.913393    551.912992    
6438.137500    566.873648    
6288.835714    404.811504    
6430.517857    713.015079    
6740.295536    924.561718    
6661.495536    833.830164    
6447.450000    785.580836    
6443.668750    1094.725006    
6405.777679    749.025300    
6322.012500    851.775223    
6549.508929    272.110934    
6396.331250    203.125920    
6400.628571    189.364382    
6402.573214    107.489759    
6487.157143    142.328294    
6468.705357    193.727793    
6484.979464    211.659975    
6517.020536    158.952196    
6550.975000    212.190664    
6488.631250    238.702652    
6775.921429    257.925863    
6667.351786    237.287370    
6618.944643    499.717115    
6768.462500    320.401013    
6471.363393    629.995613    
6752.532143    448.177058    
6756.689286    600.243895    
7029.015179    750.768017    
7028.386607    789.426463    
6666.791964    717.237913    
6709.530357    760.488514    
6702.984821    684.753997    
6568.516071    830.315191    
6713.232143    1013.325044    
6742.171429    683.834031    
6979.637500    831.871904    
6903.098214    904.971099    
6760.162500    1276.708990    
7117.369643    713.883438    
7093.965179    896.212044    
7209.437500    780.813479    
7031.771429    715.154255    
6865.063393    394.782683    
6963.076786    596.846491    
6941.623214    560.329626    
7286.511607    917.248146    
6903.074107    1175.907331    
6858.141071    989.985635    
7096.143750    719.855831    
7195.853571    635.447545    
7230.883929    558.260723    
7410.650893    705.481870    
7303.588393    676.454547    
7206.924107    388.774198    
7301.662500    592.444193    
7141.955357    431.760817    
7349.829464    352.622317    
7412.329464    321.003381    
7374.703571    594.229980    
7231.771429    721.433210    
7763.726786    855.844354    
7603.932143    925.692040    
7469.646429    891.232814    
7223.917857    427.694735    
8304.039286    1438.261103    
7843.791071    861.541768    
7852.450893    943.120904    
8028.755357    1171.539777    
8103.798214    1733.768513    
8244.345536    780.506933    
8279.625000    971.010994    
8104.317857    888.130668    
8360.960714    908.464670    
8082.384821    1046.046950    
7872.923214    1132.443822    
8267.266071    1410.183825    
8602.704464    850.156882    
8907.077679    1320.743485    
8546.735714    980.478543    
9121.123214    857.173012    
7785.054464    867.824855    
8799.037500    1813.712647    
7954.000000    2161.360223    
8347.702679    926.906365    
8318.383036    813.507838    
7967.505357    1125.237380    
8590.831250    1030.548965    
8008.491964    852.119522    
8236.777679    819.560825    
8491.077679    928.143242    
8298.650893    972.789102    
8311.592857    548.492732    
8322.170536    846.100832    
8472.348214    717.416359    
8677.482143    1145.727293    
8808.107143    879.729513    
8669.388393    873.334220    
8863.741071    831.081912    
8712.562500    909.215352    
8634.777679    831.362324    
9527.016964    1519.677309    
9038.090179    1019.785402    
9458.125893    1204.920933    
8750.656250    1174.520191    
9212.584821    1410.600640    
9321.289286    1050.258105    
9524.411607    1134.771217    
8595.005357    704.517098    
9327.798214    994.031796    
8884.160714    989.943751    
9648.124107    1307.968264    
9082.371429    1097.349582    
9233.883929    923.040278    
9413.294643    782.051037    
8899.011607    660.929681    
9255.187500    883.608627    
9375.975000    922.496209    
9351.295536    1168.754724    
9235.423214    1206.016993    
9401.461607    1284.805298    
9026.982143    716.884771    
9105.542857    966.537941    
8949.378571    686.615540    
8935.452679    567.563462    
9068.101786    614.693407    
9103.591964    738.885015    
9167.833036    742.213826    
9277.995536    807.921326    
9086.307143    598.166877    
8963.507143    546.913882    
9032.454464    683.276401    
9196.376786    923.543714    
9380.344643    1141.822305    
9125.692857    918.777495    
9361.648214    703.249292    
9561.538393    1003.791827    
9502.359821    831.857316    
10028.552679    1308.721882    
9345.880357    1216.511891    
9520.184821    1068.699150    
9717.305357    1376.646531    
9662.468750    1471.358130    
9829.365179    1636.486134    
10167.931250    1339.761183    
10143.791071    1640.337198    
10069.562500    1536.400058    
9457.691071    1338.223235    
9750.261607    1080.955561    
9939.323214    1108.855330    
10283.697321    1455.171603    
9840.787500    1379.141986    
9712.186607    1261.298985    
9743.925893    1097.040243    
9969.569643    1239.858681    
10224.361607    1475.803672    
10156.121429    1428.138105    
9988.573214    1797.919003    
10498.351786    2513.155888    
10141.416071    2288.257015    
10347.398214    2715.390911    
10215.350000    2498.124165    
10125.281250    1977.095141    
10173.105357    2318.208198    
10102.057143    2357.774695    
10114.191071    2667.575962    
10062.959821    2348.780149    
10344.798214    2354.589823    
10545.741964    2072.447196    
10186.847321    1689.868501    
10091.311607    1168.088581    
10101.699107    1266.997252    
10259.450000    1022.598350    
10071.005357    926.002898    
10034.183929    1029.444308    
10222.187500    1501.528947    
10332.773214    1685.473535    
10141.160714    1850.686408    
10681.131250    1591.342124    
10980.977679    1736.552355    
11040.715179    2277.666635    
10464.855357    1727.591560    
11215.912500    2297.413745    
10589.752679    2354.272027    
10235.619643    1907.466138    
10506.370536    2035.586860    
10484.384821    2076.200827    
10358.558036    1456.753423    
10109.232143    1760.303406    
10332.035714    1207.406140    
10739.340179    1245.699049    
10807.331250    1946.483141    
10491.622321    1640.714794    
11218.253571    2946.499986    
10881.367857    2793.784038    
10452.957143    2533.906513    
10911.410714    2672.158338    
10648.295536    2836.675436    
10943.082143    3834.804235    
11416.964286    3313.233808    
10945.366071    3171.090486    
11015.823214    3440.273808    
11274.820536    3444.470657    
10921.995536    2652.800648    
11028.788393    3308.200123    
11405.474107    3973.867695    
11076.564286    2972.073396    
11029.027679    2502.653057    
11037.444643    2730.164418    
11730.615179    3134.931920    
11655.903571    2852.385848    
11226.157143    2436.642302    
11742.749107    1863.298085    
11191.380357    2014.021457    
11845.206250    2265.670053    
10902.545536    2233.284902    
11192.425000    1921.084945    
11124.770536    1740.253248    
11263.606250    1957.119658    
11303.474107    2050.085208    
11757.165179    2388.641861    
11251.794643    1906.562734    
12189.338393    2191.147492    
11945.431250    2349.167356    
12085.788393    2817.337458    
11649.799107    2749.402311    
11810.175893    2659.822020    
11664.511607    2718.437421    
12677.260714    3722.450579    
11915.250000    3036.322029    
12008.412500    3659.021573    
11646.263393    3616.826579    
11962.279464    4120.759798    
11715.183929    4057.068424    
11520.306250    3270.610229    
11942.529464    3498.560136    
12078.354464    3793.860570    
11866.501786    3849.263889    
12379.474107    3654.413435    
11774.319643    3337.819609    
11613.061607    3057.962453    
11069.837500    2695.564662    
11197.831250    2329.904365    
11730.501786    2989.092915    
11701.642857    2545.231908    
11922.972321    3262.766563    
11768.920536    3091.783998    
11942.247321    2871.408071    
12205.864286    3139.440991    
11984.460714    2885.876201    
12156.258929    3746.083305    
12115.968750    3058.627738    
12360.190179    2622.027349    
12053.462500    2610.548872    
12395.356250    3005.002249    
11961.791071    2729.999283    
13090.572321    3507.099754    
11585.833036    2708.875643    
11740.625893    2689.836832    
11975.631250    3038.503534    
12006.697321    2854.740018    
11566.894643    3187.457783    
11835.043750    3412.445298    
11692.325893    3371.345969    
11815.345536    4198.106887    
11802.526786    4446.715148    
11146.997321    2911.489027    
11274.225000    2983.380892    
11080.808036    2883.534112    
11005.102679    2826.943602    
10936.865179    3074.322000    
11197.753571    2838.500441    
11647.525893    3305.401142    
11596.698214    2735.239878    
11613.519643    2610.001698    
11554.919643    2373.402692    
11025.340179    2337.028817    
11455.082143    2959.847918    
11112.261607    2225.915767    
10528.761607    1917.476241    
10477.377679    1954.562229    
10226.508929    1841.751440    
11043.990179    2094.631457    
10817.891071    1968.965881    
10883.702679    2039.558019    
11396.841964    2786.940175    
10720.600000    2029.132643    
10980.891964    2281.062172    
10954.571429    2188.128646    
10258.264286    2078.062998    
10379.793750    2025.186929    
10566.906250    2142.641698    
11003.750000    2119.012135    
10427.491964    1827.307355    
10425.700893    1959.291531    
10403.690179    1362.317233    
10520.566071    1240.773857    
10398.558929    964.808946    
10228.707143    1049.404609    
9797.134821    1451.276216    
9962.750893    1212.991366    
10107.510714    1123.945491    
10321.548214    1185.402977    
9917.641071    1275.876778    
9939.704464    1149.089083    
9991.065179    1060.697703    
10048.892857    1062.873300    
10238.082143    1148.485240    
9937.956250    737.730569    
9780.122321    749.896097    
9377.282143    1124.866073    
9661.408929    1184.457301    
9749.617857    1243.804415    
9562.332143    1671.886637    
9839.525000    1898.584943    
9973.600893    1413.493905    
10505.125000    2176.679079    
9707.771429    1597.099795    
10280.067857    2191.472082    
9977.999107    2386.870287    
9935.772321    1864.514879    
9668.819643    1951.297964    
10332.119643    1914.469307    
9531.144643    1655.364075    
10140.661607    1523.258776    
10276.408036    2102.737832    
9759.327679    1699.611633    
9844.875000    1009.860345    
10090.754464    1491.084548    
9860.352679    1559.886333    
10003.119643    1408.061452    
9614.659821    1245.137643    
9384.686607    1110.899674    
9072.100893    904.899606    
9156.352679    1534.522732    
9457.883036    1033.805497    
9278.697321    1113.147232    
9366.812500    950.234922    
9427.405357    961.420033    
9499.291964    1019.590952    
8992.352679    1307.181938    
8971.782143    1060.212071    
8927.247321    709.656548    
8929.282143    989.926175    
9103.256250    976.725783    
9128.695536    491.278732    
9323.383929    1350.128255    
9275.603571    706.537217    
9316.967857    1002.660354    
8997.706250    822.031754    
9110.885714    1212.310220    
8649.971429    948.570582    
8796.775000    1315.492008    
8761.678571    942.611763    
9125.421429    1243.273741    
8878.084821    1021.829300    
8873.842857    1008.591125    
9128.265179    928.563511    
8736.385714    814.260401    
9032.224107    641.401776    
8747.348214    771.960839    
8261.811607    839.519902    
8535.348214    741.012318    
8573.261607    856.291972    
8782.837500    907.193733    
8407.496429    953.868269    
8734.330357    942.378170    
8671.918750    979.419547    
8786.872321    1085.817100    
8725.829464    930.953164    
8294.745536    1036.283444    
8994.110714    1073.293574    
8515.107143    804.133181    
8653.028571    1259.838348    
8485.161607    1090.054029    
8598.550893    1032.238120    
8581.392857    1053.162494    
8411.859821    998.420138    
8034.123214    959.979893    
8461.209821    1155.484367    
8107.350893    766.256781    
8282.858036    629.011376    
8127.375893    824.398136    
8127.141964    660.715769    
7921.702679    612.650909    
8076.736607    306.429605    
8037.941071    469.294550    
7672.795536    781.208762    
7607.238393    598.963017    
7622.026786    1045.234626    
7670.448214    560.492426    
7657.122321    841.780132    
7213.373214    578.127507    
7902.879464    1211.695708    
7710.801786    731.010750    
7457.475000    732.702602    
7338.870536    373.468750    
7426.651786    607.312373    
7265.610714    822.358207    
7629.325893    1151.502780    
8148.516964    2434.205748    
7550.525893    868.487412    
7345.671429    1340.202763    
7844.350893    1109.677883    
7340.231250    945.552333    
7204.052679    511.177234    
6865.413393    1007.866957    
7150.341964    469.551878    
7179.265179    518.895424    
6991.961607    533.551942    
7143.315179    851.540018    
6650.700893    1019.964604    
6953.582143    879.814302    
7167.081250    771.438489    
6758.662500    487.372341    
6819.980357    511.599955    
6751.639286    444.926021    
6834.126786    535.403216    
6675.499107    231.179819    
6683.618750    456.082660    
6704.881250    423.190895    
6659.666071    435.627473    
6765.578571    177.130791    
6738.603571    394.485365    
6658.991964    635.001526    
6552.553571    590.583586    
6511.866964    792.477827    
6446.069643    430.991434    
6402.674107    889.673706    
6608.881250    555.216439    
6382.133036    888.574015    
6167.199107    2047.880159    
6635.289286    553.882337    
6375.749107    1075.496449    
6213.540179    1505.785021    
6275.085714    1686.733353    
6537.700000    570.529107    
6285.293750    826.914294    
6030.241964    1082.371471    
6260.586607    1386.597326    
6135.250893    1345.230198    
6218.798214    1144.073826    
6313.105357    1105.376298    
6352.197321    1294.993570    
6160.218750    1329.558201    
5748.035714    1925.614996    
6092.200893    1471.933463    
5962.992857    1564.285702    
6149.211607    861.936945    
6482.343750    1300.205642    
5965.297321    1237.879120    
5909.900893    1451.971998    
6234.100893    695.928043    
6173.393750    581.966691    
6083.530357    694.107655    
6140.318750    389.269601    
6048.587500    164.685180    
5997.173214    463.731034    
5972.448214    164.241354    
6003.140179    93.577608    
5961.643750    104.451419    
6017.691964    97.164417    
5993.215179    206.794138    
5988.434821    138.717690    
5910.782143    291.134758    
5814.454464    505.166367    
5809.192857    518.382708    
5630.679464    261.999199    
5712.533929    169.049619    
5838.521429    363.579304    
5657.743750    721.559265    
5793.366964    267.245787    
5579.738393    224.411640    
5423.924107    837.187169    
5552.883929    573.693901    
5576.175000    591.875957    
5595.950893    299.225972    
5637.400000    561.142715    
5376.814286    462.293374    
5457.130357    316.456885    
5447.555357    440.917581    
5275.614286    820.046283    
5212.801786    551.714200    
5369.883929    334.239303    
5177.749107    264.556510    
5342.881250    534.119047    
5319.835714    514.158622    
5224.083036    384.347224    
5321.991964    503.278726    
5098.645536    648.637440    
5052.134821    351.368252    
5279.463393    483.257450    
5000.329464    594.776574    
4939.173214    207.509730    
4950.593750    780.707301    
4899.687500    740.640941    
4990.793750    433.956099    
4959.482143    322.335661    
4925.901786    229.200869    
4894.366964    170.678091    
4914.265179    230.142774    
4894.231250    140.676088    
4810.557143    365.716743    
4845.295536    357.525865    
4897.886607    429.934225    
4811.475893    641.641467    
4844.464286    686.300882    
4847.659821    551.561971    
4762.593750    1007.634969    
4892.534821    714.630758    
4705.070536    1115.607735    
4664.290179    809.726200    
4390.857143    1488.690324    
4727.783036    771.095577    
4650.866964    642.591798    
4663.847321    451.659924    
4913.442857    1092.479537    
4418.583929    949.532235    
4298.508036    859.421248    
4526.183929    760.113462    
4560.519643    303.463059    
4297.177679    875.476911    
4381.283036    561.926474    
4357.760714    555.420320    
4485.170536    127.020226    
4287.261607    441.795097    
4503.163393    129.998925    
4488.760714    141.155954    
4402.299107    129.968460    
4307.984821    119.528332    
4264.440179    57.492857    
4339.146429    95.321879    
4304.740179    130.720194    
4187.236607    92.662253    
4166.513393    82.093967    
4118.511607    80.247140    
4112.763393    98.190960    
4049.857143    83.086063    
4070.665179    73.342551    
4124.412500    120.427347    
4054.830357    88.616246    
4076.962500    160.874209    
4050.001786    258.081455    
4047.159821    219.163944    
4042.777679    155.816403    
4062.656250    84.976860    
3871.309821    124.749347    
3957.375000    171.505098    
4036.319643    175.428042    
3947.883036    106.880080    
4005.042857    218.223059    
3897.174107    157.789918    
3930.961607    254.064041    
4007.140179    208.592239    
3818.483036    218.702982    
3913.529464    166.773336    
3648.783036    145.055612    
3822.252679    172.478869    
3807.261607    127.390809    
3771.597321    114.844862    
3620.581250    153.757568    
3755.439286    124.264356    
3595.246429    136.495552    
3555.151786    142.805450    
3600.194643    133.857265    
3646.871429    150.963872    
3502.741964    91.266009    
3404.658929    281.910342    
3496.739286    72.071467    
3551.928571    86.776099    
3434.813393    57.955586    
3452.683036    55.955311    
3459.918750    69.284775    
3410.775000    66.404707    
3339.375893    76.837832    
3259.405357    55.453439    
3340.099107    63.324039    
3354.208929    79.218578    
3384.677679    179.880895    
3298.148214    54.922262    
3301.116964    54.287279    
3255.241071    81.327177    
3266.278571    97.547201    
3304.000000    108.084433    
3286.394643    106.758220    
3226.255357    71.692230    
3178.833036    94.720924    
3176.933929    64.714270    
3152.676786    56.396310    
3126.189286    100.157643    
3032.849107    100.984827    
2905.709821    749.212903    
3001.839286    428.146676    
3072.957143    90.620165    
3145.031250    52.190139    
3028.594643    67.838279    
3079.597321    75.439056    
3125.272321    69.675510    
3087.895536    55.570730    
3011.225000    146.139688    
2915.593750    97.967278    
2995.415179    36.283014    
2934.433929    75.701783    
2861.159821    57.972687    
2943.256250    60.811987    
2850.084821    57.174552    
2819.421429    51.250532    
2811.464286    63.311832    
2793.177679    61.195542    
2776.811607    74.084756    
2754.966071    38.124803    
2720.928571    29.436892    
2721.033036    44.535718    
2712.995536    32.976466    
2705.766964    27.034274    
2697.850000    37.236369    
2672.739286    60.269231    
2644.735714    38.123481    
2660.052679    38.584276    
2645.840179    34.157022    
2635.675893    56.753881    
2665.473214    43.788363    
2648.132143    73.498132    
2610.951786    68.133164    
2496.766964    50.760152    
2597.343750    40.149549    
2574.303571    170.185274    
2544.633036    539.536895    
2278.168750    633.273906    
2431.761607    32.808853    
2525.881250    48.561625    
2479.252679    79.418104    
2382.657143    33.997431    
2348.325000    63.874904    
2377.622321    53.879555    
2456.029464    116.531886    
2393.707143    49.793143    
2431.856250    111.860803    
2190.498214    627.950436    
2298.584821    349.221110    
2337.642857    47.351131    
2328.886607    41.979232    
2252.506250    40.634652    
2212.939286    45.798451    
2235.988393    45.555253    
2171.366964    33.145299    
2170.442857    47.243729    
2161.777679    58.502592    
2143.303571    44.327523    
2134.915179    28.498417    
2128.884821    28.841998    
2123.766964    30.268828    
2105.198214    29.318114    
2121.310714    31.979316    
2077.180357    31.852500    
2062.112500    43.971702    
2051.125893    34.260182    
2026.019643    28.571895    
2009.785714    48.144487    
2018.066964    34.483355    
2018.441964    108.735025    
1995.013393    110.264353    
1988.992857    24.815749    
2009.925893    45.510152    
1949.960714    33.789187    
1947.882143    64.551644    
1918.569643    33.597361    
1904.894643    52.916659    
1929.083036    51.136576    
1897.702679    58.645256    
1896.855357    33.396971    
1903.191964    14.787414    
1911.733929    23.059254    
1881.958036    31.878439    
1911.611607    38.288846    
1895.720536    31.273213    
1931.208036    33.939475    
1966.631250    35.128167    
1881.400893    52.593089    
1929.848214    229.891598    
1919.653571    39.922465    
1950.475893    59.554367    
1914.317857    38.802071    
1912.844643    43.589368    
1928.947321    112.539032    
1960.259821    74.403109    
1944.633929    51.019656    
1962.516071    60.141572    
1961.278571    51.632675    
1958.457143    56.804630    
1973.349107    66.025715    
1950.410714    155.024477    
1949.997321    166.033567    
1938.358036    175.913639    
1937.375000    177.121897    
1941.795536    165.314835    
1947.682143    185.163405    
1959.447321    194.053635    
1961.324107    203.837473    
1931.966071    210.402919    
1946.611607    207.509987    
1950.904464    212.173053    
1935.705357    234.639828    
1939.648214    205.573782    
1924.423214    236.863088    
1940.023214    238.010019    
1936.098214    206.240288    
1935.374107    224.131383    
1937.834821    237.151956    
1919.908929    237.038798    
1938.885714    228.454996    
1922.916071    203.416221    
1922.262500    204.502377    
1934.950893    211.577946    
1938.450000    209.865925    
1918.024107    217.992129    
1924.014286    201.320772    
1928.344643    202.076208    
1937.741964    206.266823    
1922.459821    193.003137    
1951.365179    193.177078    
1932.999107    174.769621    
1924.891964    198.231800    
1918.589286    173.194670    
1926.025893    181.156499    
1904.048214    171.189550    
1924.725000    190.388971    
1902.388393    206.677751    
1913.829464    184.331074    
1928.506250    194.207262    
1929.619643    190.309419    
1913.103571    171.258764    
1937.862500    176.483206    
1914.791964    173.336987    
1915.639286    194.080102    
1926.427679    171.497402    
1916.516071    175.045998    
1904.063393    178.874683    
1904.520536    181.759686    
1894.607143    190.381523    
1891.064286    172.855150    
1894.116071    183.268472    
1888.044643    191.150595    
1913.931250    182.182796    
1890.358036    197.735979    
1915.809821    182.692757    
1914.852679    182.703333    
1907.676786    181.968347    
1917.843750    181.413418    
1896.044643    181.576361    
1880.779464    189.113554    
1908.308929    195.177609    
1895.383036    187.211585    
1890.269643    197.988795    
1877.978571    180.516020    
1892.727679    172.377156    
1912.432143    171.766606    
1878.313393    174.340766    
1895.690179    213.096422    
1893.291071    188.504024    
1905.144643    169.755319    
1888.825000    181.295816    
1888.190179    171.680602    
1908.202679    173.393177    
1903.410714    183.400754    
1884.571429    183.203191    
1906.753571    181.569320    
1907.333929    170.025978    
1906.375000    162.394577    
1913.021429    173.089473    
