2762.745272    4122.374581    
2144.946020    2985.703022    
3145.675926    4903.414350    
2554.331560    3707.289901    
2966.631797    6244.309560    
3985.375099    5346.437558    
3578.196414    7574.911643    
3049.155043    8800.498061    
3018.404846    5001.757582    
3219.675926    4082.057282    
3841.714145    4672.838826    
3553.097124    4192.725986    
2452.875887    5515.999901    
2038.784279    2955.304912    
4302.648739    6709.058957    
2535.281521    4000.622099    
2177.718873    2791.086368    
3086.235225    4499.768463    
5224.471434    8049.130748    
2504.607959    3404.018107    
2503.036840    5139.285696    
2494.447597    5251.836440    
2838.346336    3332.834044    
3450.461978    4115.665233    
2626.749015    3965.604598    
1970.856383    6254.791911    
2341.528566    4480.577005    
2781.214736    3061.159459    
3223.338061    4126.501623    
4493.324074    6910.306578    
1602.491923    4253.103183    
3418.876084    3889.493296    
3971.069346    5018.998960    
3783.249606    11743.987524    
3500.255910    5595.882922    
2552.037234    3886.567346    
3025.074665    6704.736392    
3405.729511    5398.753049    
3617.379827    6492.596241    
5519.181639    9634.248841    
4139.803783    6348.737011    
2644.188337    3734.215749    
2013.196217    3543.623873    
3714.654649    3971.614552    
4879.192277    10574.809911    
6012.791765    11875.200908    
1186.583333    2289.767194    
2921.201537    3669.697279    
2887.895784    5047.559866    
2884.377857    3332.834310    
2913.109732    3025.271746    
2777.273247    4339.821303    
2104.888298    3926.540839    
3936.722025    5471.020490    
1800.050433    3303.239991    
2446.437155    4427.548810    
2985.130024    4199.161829    
3131.795902    3563.510697    
2887.270095    4830.185745    
2531.562254    4160.009129    
3647.516351    5804.957125    
2026.899921    4889.322499    
2304.725965    4276.021231    
3007.071513    4406.895253    
3122.573286    5204.188186    
1685.269110    3073.083530    
5423.027187    12548.953595    
3342.458038    5704.199524    
3339.624704    5185.411523    
3933.669622    4712.045730    
3213.393026    3940.813418    
1929.091214    4195.034912    
3231.175532    3978.536391    
2116.757683    5052.182448    
5824.231087    14797.695789    
5456.160362    8134.314054    
2618.276596    2472.730503    
2157.270095    4091.990197    
2737.002167    4309.680420    
1981.452325    3952.810309    
3735.425926    3972.110538    
2718.539598    4324.307359    
3064.212175    3901.091618    
3208.631994    6361.803478    
3278.761032    6594.691323    
3382.685185    5593.797917    
3523.961387    7042.836183    
5305.421001    14244.191710    
4130.735816    7073.085188    
2085.033688    3282.052519    
3308.533294    4557.442151    
2081.516745    2293.897664    
1906.815209    4889.536234    
2909.519504    4194.457803    
3673.590032    4300.845765    
2279.076241    3764.940039    
2775.360914    4508.031896    
2861.246060    4089.519856    
2642.809693    4798.358770    
3868.020489    4657.875979    
5138.523641    8145.788749    
3747.581560    5431.085683    
3111.503940    4316.645700    
4922.963357    4378.304599    
3073.001576    4472.214368    
2729.330181    3257.639846    
2580.755713    2521.088304    
3883.542159    5877.981632    
2655.616036    4380.984719    
3785.053191    4938.178963    
2887.254925    4044.446721    
3453.754137    6908.082430    
1753.717297    2560.551434    
4129.683609    4828.614977    
3083.168637    4157.301584    
3403.297281    3378.846665    
3762.928487    10327.490601    
2682.049251    3128.460355    
2297.886131    3335.568714    
3411.012411    5839.445386    
4860.514578    9428.011282    
3144.469070    7555.149497    
3635.776793    6872.723795    
4390.050236    4784.978541    
2942.289598    4305.923652    
5261.219661    6993.769810    
2356.231875    4221.803898    
2375.267533    2585.632444    
2163.843775    3003.744352    
2241.190504    2748.777143    
2971.776005    4498.561098    
2160.004925    3419.232882    
4032.945823    5790.198602    
2288.911151    4893.446807    
2644.201340    3346.631576    
2547.685973    3286.266025    
3798.587273    3724.968504    
3049.710993    2568.187865    
2684.922577    2655.827899    
2359.019307    3850.361636    
3198.122340    3971.010385    
1465.872537    2545.024738    
1723.631403    2663.068278    
3446.584121    5031.991794    
2888.655240    4703.905480    
2872.394405    3160.118575    
1561.595351    5061.841722    
4189.368794    4036.550384    
3723.773444    3515.296930    
2916.659377    3604.164198    
3796.486407    5530.103760    
5000.771671    7060.157644    
3965.702128    9102.434730    
2995.138692    5207.440645    
2011.980102    3888.736861    
2355.446020    3368.808037    
4511.737983    7571.258197    
7107.375493    14031.314812    
2541.277975    4258.219269    
3194.872340    4208.357873    
3878.405831    5514.489650    
3492.067967    6377.768022    
2166.891844    4197.708475    
2820.982861    6459.819955    
3877.109535    6191.786385    
4262.416667    5228.291062    
3391.327029    5801.296836    
3637.434397    4271.748340    
3614.611702    5777.710903    
1623.031127    2416.450685    
4405.290780    6605.082396    
3947.131600    4000.373578    
2636.193656    3919.771066    
4174.291371    4967.791346    
3769.832151    11050.813476    
3739.681836    9501.265588    
2868.487195    3550.792514    
2599.552994    3740.579579    
2727.175532    5637.815815    
2784.401103    4847.752008    
2929.439125    4788.056353    
2390.852443    3509.873023    
3147.645587    6111.062805    
2310.796690    2720.974690    
5113.457841    3756.480895    
2908.481284    6884.538754    
4321.776202    6297.656805    
3846.239559    5341.446649    
2611.739362    2941.398206    
2786.806935    6172.109883    
4333.875099    6512.281591    
3916.374704    6326.455030    
2974.811269    4629.760615    
3862.132585    5392.076540    
2955.722616    5096.078545    
3224.122931    5780.814086    
2191.526596    4172.529383    
3051.674547    3369.574669    
2885.656225    2707.018002    
3575.054177    3964.820433    
2062.309102    2201.019901    
4099.745469    3812.234482    
2979.703507    3655.193047    
2894.738180    4800.909824    
1530.790780    4067.225126    
1465.883176    2188.459873    
2399.847715    5802.506205    
2657.008077    3780.097110    
2616.766351    4969.226431    
3612.005516    4306.575582    
3283.757880    5425.373416    
3082.194838    3687.870525    
3552.713948    3476.407033    
2135.273050    4374.824616    
3972.943065    6834.106311    
1662.789795    2351.943290    
2720.658392    4757.669513    
4580.236013    7359.535303    
3549.926714    4069.698756    
2612.160362    3900.024391    
4083.931048    6915.997918    
2957.641844    3485.278279    
3613.473404    5042.657636    
4233.082742    6656.822845    
3249.932427    4640.076292    
2340.257683    3467.382457    
3473.286643    4769.791036    
5583.188337    11297.413256    
2568.237983    4232.674816    
2715.807920    5270.155461    
3143.973798    3454.023167    
3861.820331    4874.302906    
2943.295311    4350.679747    
4118.309890    6410.612617    
2647.865051    4052.518194    
3676.388495    5917.549004    
2907.774035    3375.555390    
3594.386525    3620.831450    
3792.989165    4949.556425    
2648.296296    5185.739387    
3190.349685    4512.232596    
2754.626675    4683.968638    
3184.684003    6996.109913    
3791.934791    6719.721776    
2617.062057    4082.066196    
2456.995469    3120.601987    
3290.519504    5420.776576    
1754.574271    4094.545789    
2944.863278    4815.423089    
4577.264972    5821.515147    
8284.577226    13310.553978    
2533.279945    5279.281085    
2277.039401    2972.276337    
3180.467297    4662.390811    
3514.358944    3966.127267    
3453.183806    6936.596738    
2758.422183    6007.817453    
3143.160757    3443.527106    
1874.546296    3487.525574    
3002.088258    2966.984737    
3159.251182    3710.471172    
3115.784279    3229.719538    
5285.049645    8082.414377    
3233.753546    5270.332949    
4531.643420    7226.697910    
2550.028566    3444.086096    
5159.561663    6433.344875    
4834.640859    8651.338553    
4390.715918    10017.322519    
2854.810087    3249.826547    
1902.535067    2249.537370    
2221.987983    3121.656731    
2948.392435    3931.009832    
3202.083727    4362.831671    
3006.387707    3550.514456    
3894.608944    3056.749707    
3849.135540    4828.956533    
5168.090820    9833.528907    
2329.159771    3403.780161    
3449.617021    5196.655643    
2053.177108    3522.369831    
3340.715130    4448.694557    
2385.215130    4363.089756    
3190.141647    4831.799194    
2866.972813    4687.408798    
3358.204098    5865.047226    
1393.424350    3774.754389    
5444.305556    9344.124995    
3683.903270    4181.474660    
2254.091214    2842.777356    
3218.235422    4880.478160    
3295.852049    4269.684201    
3849.251182    4706.274734    
3260.096730    4353.472461    
2901.873522    5809.975419    
2043.294523    4703.725842    
2715.334318    5115.284994    
3681.335500    3663.710584    
2925.110914    6904.934756    
2633.075453    4240.227344    
3243.598503    4807.039124    
5639.473010    9636.822178    
3573.217494    4376.635346    
3258.300827    3992.006701    
2446.486801    4409.420475    
4662.137510    7025.710532    
2221.192671    4222.834214    
2863.272853    4507.446047    
3396.509062    5588.978349    
3056.752364    3673.613804    
2546.442474    2717.388145    
4432.543932    3570.227500    
3278.811466    3687.155019    
4452.664894    5966.900247    
3594.007486    5677.072128    
2777.185185    4171.892431    
3557.461387    5342.956204    
3355.364854    4293.752728    
3105.216706    3978.756473    
2624.308117    5798.401483    
3954.692474    3058.334759    
2325.240544    3895.410968    
3751.410559    7177.982700    
4723.802009    6772.939356    
1572.411939    2576.357832    
2877.474586    4295.856979    
2765.592199    3046.608178    
1997.517928    4184.517095    
2838.678487    4920.080150    
2895.903467    5768.979724    
3523.924941    6885.561416    
2149.191095    3135.276518    
2795.061466    4743.796911    
2723.977738    3513.886324    
3469.108353    3563.232457    
2039.834712    2630.081355    
3965.181245    9485.266631    
3631.877069    7752.475213    
2905.182427    3841.137525    
4315.334712    5745.877982    
2503.545508    3902.051753    
2415.719267    5037.778039    
4502.906619    5375.517188    
1676.118006    3035.884909    
4467.396178    11934.290826    
2611.498424    3018.992083    
4844.512411    7119.819977    
3656.877463    4526.065124    
2997.546296    4472.464645    
2385.135934    3917.765724    
3434.800827    4362.197016    
4974.646572    9224.336092    
3049.377266    3229.432774    
2930.084712    3675.313347    
3181.304571    3799.857685    
2934.146375    3654.305018    
3625.985422    4746.336674    
2291.437155    2940.227233    
2561.997045    3807.429962    
4202.328014    4458.783734    
4173.527384    5115.211749    
2966.499409    4391.522375    
3503.722222    11021.847829    
2807.438337    3178.852364    
4502.934200    5495.593230    
1682.478526    3113.857112    
3439.234831    5417.973423    
3107.491923    4041.065850    
1391.464539    3069.771349    
5319.892829    8434.486143    
2586.291962    3801.097512    
3061.968873    5010.074046    
3867.966312    4679.791482    
2959.124901    4037.753973    
3233.632388    4661.505906    
3748.098700    4142.351570    
2544.566391    3907.115117    
7531.077620    14899.965582    
5753.430457    10174.836166    
2568.022065    3766.279390    
1944.937746    4362.539863    
4145.543538    4734.027209    
4272.346336    8966.221758    
3702.655240    6103.383379    
3223.687746    5645.890862    
2592.126281    4745.729422    
3605.714933    4459.170464    
3547.110323    5424.857377    
7465.355004    10725.876704    
8806.050827    11929.911912    
3264.840032    3125.807542    
1890.498621    4295.194090    
3811.530142    3974.248562    
3542.144405    6289.306683    
3382.065603    2977.435004    
3539.707644    3293.739931    
2440.963160    5074.554189    
4966.747636    8971.020347    
3705.852640    5366.481938    
4283.089638    8412.201875    
3750.763593    7787.191244    
2262.555162    4673.086867    
1868.715524    2450.974695    
2104.213160    4188.925998    
6129.739953    9200.364497    
4593.945823    6266.397499    
4963.792356    5435.332659    
2880.643814    5042.228675    
1812.402876    3651.148464    
4052.297872    5559.811080    
3110.103428    6649.787584    
3992.011229    5479.136624    
2130.826241    4590.990268    
3302.449764    4482.074743    
3330.667849    4331.009262    
4604.164697    6505.811134    
2858.704492    4357.198294    
2027.990347    2679.145768    
4484.743302    11844.258414    
4390.229511    6839.422255    
3334.553388    4160.066458    
2418.051418    3992.730436    
3594.720449    4174.078599    
2453.855989    3068.790288    
3654.650315    5011.287452    
3960.027975    6263.357354    
3620.730102    2059.124426    
2798.783097    4269.485675    
1331.736998    2528.529854    
1913.454689    3926.302916    
4290.329393    9327.269968    
2615.278369    6400.905175    
3223.598897    4072.516540    
2715.217297    4191.003700    
2230.647951    4352.473353    
2283.946612    3736.849109    
2062.718282    4214.798361    
3476.552994    3001.077805    
3191.306147    3916.033981    
2890.514578    4862.789424    
2050.205280    3910.611404    
3078.730693    4445.282525    
3163.616824    5761.013949    
1831.062254    2745.607215    
3404.916864    4812.959147    
8102.999212    17821.679684    
3127.508274    6347.205222    
3386.693262    3953.299164    
3185.947597    3490.404823    
3890.872143    5888.990918    
2126.969267    4192.249334    
3976.018519    4741.756210    
2746.592199    3252.168429    
4339.860914    5545.818853    
3297.483452    3449.649212    
4276.132979    5362.187704    
3756.868006    4510.607073    
2522.668243    4342.466644    
4703.149527    7218.342585    
2494.489165    3580.747571    
4163.130418    8042.396448    
4184.381994    5997.188671    
4133.657801    5473.559946    
3938.644208    7730.048932    
5130.063239    6801.822062    
2697.741923    3855.460680    
4441.841608    6387.937801    
2872.808511    5416.679282    
4128.953507    6911.061445    
2982.951734    5760.955460    
6274.761229    9852.514089    
2428.560087    3764.092778    
1965.433412    3703.569191    
2557.968479    5396.667567    
2579.295311    3629.361978    
2542.703704    4333.988740    
4100.784673    4787.444584    
3590.165091    6680.251871    
2486.003743    2788.620936    
3466.723404    4451.014528    
3388.082348    3861.620566    
2735.025414    3179.794949    
2722.918637    2655.744505    
1942.611702    3669.422623    
2527.312254    3957.564739    
3013.313239    4571.811576    
2956.819346    5179.691504    
2864.607171    5540.059268    
3413.719661    6810.976669    
3853.229314    5866.156193    
3215.305359    6033.868884    
3870.453704    6503.731558    
2299.827226    4350.293316    
3302.657998    4325.041172    
2894.366036    3780.501201    
2879.276399    4198.374159    
3012.387313    4467.527473    
2807.762608    4173.283080    
5548.218873    8422.077428    
5261.795114    11383.123761    
3061.053586    3868.218787    
4545.119976    9405.796442    
3108.775217    3983.335685    
2980.167061    4601.782327    
2205.369582    4029.437382    
4368.591214    9217.355910    
1921.255516    3478.895719    
3922.854413    6116.410435    
4763.017533    11350.746199    
2937.113475    4557.378820    
3148.861702    5048.833414    
3326.454492    4203.421729    
2019.882782    2619.766146    
4149.568558    8426.354955    
2701.571710    2961.666886    
3992.685185    6032.142186    
2280.090426    2272.162158    
4029.788613    5858.790031    
10244.159574    20227.084828    
2497.720055    3156.110696    
4141.672577    3524.386135    
9078.663121    17102.340378    
4030.191095    4616.274609    
2963.407998    5335.701660    
2666.193459    2460.527273    
2934.788022    3273.543308    
2534.653861    3263.144411    
3761.344366    4302.414596    
3529.929275    4812.851040    
3648.880812    4424.994570    
3574.239165    3247.469866    
3859.884752    9506.373161    
3523.272459    3133.384596    
3583.771080    4729.845677    
3957.619385    4232.536040    
2823.382979    4857.750223    
4149.877660    11655.938848    
3708.255319    8052.799422    
2733.562845    5136.871859    
4894.845942    5782.650156    
6255.682230    13203.965198    
3515.373719    5226.812738    
4093.344760    5558.248552    
3236.900906    4479.194370    
3626.374704    4142.143638    
3795.744484    5663.025076    
3740.166273    4556.260618    
2325.758471    2928.036539    
2859.374113    3710.419288    
4965.054571    5449.930077    
3825.076635    7590.515948    
3767.844563    5276.332235    
4250.476556    4979.631054    
4109.740741    6658.160201    
2826.016548    3885.690755    
3370.048266    4036.570148    
2840.355201    3875.808470    
2467.759062    3521.868299    
3273.929866    3241.106141    
3242.681048    5316.500962    
2886.805950    3838.815317    
2763.819149    3742.922197    
3569.707841    3429.253535    
2439.216509    3868.835461    
4523.940110    7210.056025    
2825.034476    5138.425939    
2669.027384    5367.161184    
2059.862293    2650.098163    
3202.544326    7478.348992    
3209.954492    4113.799894    
4199.971828    6806.932956    
3870.475374    8387.050619    
2911.952916    4062.685071    
2760.484240    3330.645064    
3501.581954    5065.665490    
4764.078211    12689.832476    
3723.942671    5169.016961    
2302.417061    4593.364995    
3696.725177    5848.124080    
3133.613278    4967.584538    
3072.113672    3652.066715    
2616.439913    6370.381131    
2752.556541    5615.029630    
1687.963357    3843.620822    
2948.556541    3739.823209    
3431.573483    5142.411820    
3828.560678    6874.106761    
2530.593381    3293.433931    
3616.776793    3496.733294    
2569.151694    2889.373239    
3159.588849    4588.418197    
2550.625690    4692.891616    
4703.605201    5291.472692    
3222.947400    3468.270924    
3927.143420    8341.585962    
3025.518125    4203.721477    
3264.246454    4591.290231    
2925.723010    5046.145740    
2509.721040    5245.738784    
2879.695429    3889.445114    
2957.060481    2708.687258    
3236.924547    3283.706450    
2587.350867    3612.990060    
4279.016942    4415.379339    
4626.521080    10865.929517    
2636.321119    5199.711637    
3460.063830    3409.043659    
3018.882191    4658.943987    
2412.842396    2869.819943    
3239.032506    4833.874642    
3071.105989    3292.795338    
3455.317573    5122.781005    
2996.642435    3749.283947    
3636.222025    5466.279878    
4715.628251    4186.500057    
3248.537037    8833.205652    
2112.780536    4169.713216    
2154.109732    3064.365272    
2975.423759    4211.367666    
2513.532309    5485.678800    
3959.869188    5761.063343    
2596.860323    4614.597229    
1839.532506    3339.837225    
2706.648148    4104.695507    
2263.101655    2877.687263    
2987.534673    3549.126774    
3296.442080    4847.662379    
2203.025414    5631.370569    
3340.427502    3672.637559    
3326.874507    4777.637798    
2339.911545    4165.103885    
3009.317179    5238.095696    
4405.571907    6563.927222    
3925.378251    2853.816174    
3335.320134    5722.303194    
3067.504531    4540.460752    
3462.301221    4845.562056    
4546.608747    12417.101982    
3991.187746    5607.321751    
5115.410954    4367.381839    
1944.123325    3163.847331    
1967.544326    4570.402534    
3122.663318    4116.611127    
2348.332545    4127.806221    
4259.375099    5166.022371    
3191.050039    5368.883258    
2241.113278    2964.685691    
2605.729708    4296.437860    
3766.795311    4787.862093    
3596.731481    4706.103689    
4691.253349    13262.745302    
4124.393223    4643.844226    
2886.283885    4354.239163    
2046.049251    3288.866135    
2225.157407    4314.162448    
2497.872734    2930.516190    
2988.238377    5819.561513    
2538.172971    4705.846849    
2159.566391    4562.741539    
1629.659968    3175.252594    
5419.275020    7792.330435    
2339.191095    3509.443663    
3769.763593    4490.978646    
3572.364657    4964.557142    
1892.393420    3680.202806    
3363.316391    4841.611592    
2652.483255    2461.577219    
1892.604019    2738.116987    
3664.859141    8356.335499    
3026.425138    3939.961766    
2476.898148    3632.714937    
2964.357565    2979.328485    
2193.750591    3796.858437    
2151.513396    3794.935158    
2802.827226    5778.996323    
5359.165091    12126.696179    
3657.603428    4551.097846    
2581.176714    4482.558103    
2575.917849    3077.337987    
4563.483452    5222.111400    
1729.677502    2237.578779    
2064.031915    2610.013320    
3080.105398    4730.004600    
3647.674547    4737.068827    
2515.868006    4584.421196    
4339.329590    5923.132272    
2710.623128    3611.397519    
3127.457841    6019.159903    
4334.730102    5802.871876    
2715.125493    4198.677813    
4698.285264    7921.043567    
2606.508077    3719.943486    
2768.078014    3826.376756    
5033.273838    6296.383445    
3374.549054    4813.622314    
2961.552206    5178.031738    
2851.578999    4525.526395    
2723.818361    5084.573331    
2901.107368    5852.738351    
2821.650512    5492.386030    
4438.944838    5221.844017    
2405.226162    5009.721270    
2636.423365    3387.229824    
3543.645981    4800.420833    
2475.161742    4462.465387    
3087.076438    5012.227767    
3287.337667    5278.494832    
3336.338258    4856.325728    
2057.876084    4521.276478    
2930.801812    4378.559068    
3078.234634    4788.875834    
3349.881797    5217.983864    
4450.967888    5456.499086    
3083.100473    4113.416429    
2613.555162    2862.934919    
2495.102837    3275.633831    
3345.946020    5113.952895    
5306.609338    10835.522400    
1767.329787    5214.704005    
4199.764381    5302.913813    
2862.690504    4069.604743    
5879.909180    5922.102835    
3159.956265    4864.852380    
3757.720449    6805.641577    
3640.118991    5920.869569    
4965.514184    10480.863065    
4106.214342    4755.713113    
2636.669031    6096.105586    
2463.225571    5029.402845    
4592.299251    6050.007810    
2998.215524    4123.124041    
2850.260047    4812.026276    
1439.070134    3670.893157    
4400.864263    6305.011303    
2263.424941    4376.670720    
4353.283294    5166.723686    
4092.910362    4666.578079    
5578.152285    8271.990350    
2817.598897    6731.145537    
2769.484831    3600.509114    
3647.649527    5955.653898    
2872.936761    3924.760291    
4807.832348    11403.427064    
3346.989362    7467.565410    
4439.019110    11342.418855    
4920.679866    6008.808525    
2856.930851    3345.279509    
2796.492514    5631.708435    
4905.665879    7253.862612    
3032.154255    4961.956519    
4483.167061    7383.165976    
3834.143223    5886.500692    
2774.572695    4385.170300    
2585.194838    7220.573531    
5202.952719    6631.254526    
3427.896966    4908.159454    
2375.358353    3748.558996    
5202.387510    8503.893096    
5847.248424    9092.580384    
2757.995666    4607.997655    
3253.946020    4041.435907    
2133.358550    4612.165176    
5724.406028    5688.310790    
2729.139086    7260.790988    
3068.196020    4557.699367    
2285.955477    4276.353065    
3872.137116    6373.309598    
3899.347321    5126.929631    
3227.827817    4989.500491    
4325.681245    4461.611264    
3668.124310    5535.639092    
2592.498621    3308.850239    
2137.658195    3692.330587    
3969.321907    2926.669448    
3617.729314    7797.466785    
3904.434791    3294.861185    
3508.221040    10517.018059    
2648.696809    4794.719774    
4193.875493    12061.652915    
3210.077226    4943.974224    
2735.199961    5812.590634    
3042.835303    2718.964753    
4324.887707    5140.558705    
3794.737589    4625.348913    
2575.578605    4241.144859    
3006.460205    4801.637505    
3687.894011    6895.312959    
4649.293932    4900.332783    
2684.275611    3903.900490    
2844.860323    6304.007781    
1550.337667    3718.403889    
6422.249803    13062.859344    
1739.275808    3207.964272    
4916.490938    6878.087179    
2785.565012    3109.076393    
3171.070331    6654.135051    
3858.196217    5893.384189    
3337.991726    4891.298503    
4694.512608    5777.673016    
5151.103822    9778.699311    
2292.453113    5069.655645    
3256.366430    4363.253897    
2426.971237    3905.314577    
3910.923168    4980.539286    
2420.632782    4444.973440    
3491.787234    5491.370409    
2127.442868    3631.687001    
2113.275414    4841.916457    
4276.613278    8628.872820    
3091.391253    4606.941516    
3203.102640    6079.253406    
2504.733846    4480.773829    
6024.156619    11074.710803    
4073.659180    6722.950543    
2525.388495    3322.798002    
3337.081954    5743.055853    
4041.775414    5471.268445    
4908.092987    6248.424097    
3002.404058    4776.742846    
3065.828605    4501.556900    
2875.610914    5488.781287    
5705.743105    11248.368053    
2939.783688    3606.386706    
1973.120961    2760.068849    
4007.820922    5217.919306    
3783.163909    7951.648187    
3530.015563    4294.851426    
3028.585303    5423.467917    
2747.182427    4968.028347    
3599.484437    7080.168804    
3117.026990    4467.251211    
3428.176320    6136.434301    
3240.354807    6072.491228    
1560.249606    3426.841326    
2751.941292    6102.107859    
2261.814815    3935.566815    
3567.075453    5960.519553    
2313.860323    4007.753262    
1799.917849    2988.150319    
4237.674941    5414.866619    
3436.912333    8095.593342    
2889.526793    6159.937375    
3167.348503    5614.878622    
2483.772459    4111.244655    
2158.844169    3066.562993    
1912.956856    2422.903770    
2697.294326    6095.092382    
3274.759259    4002.788196    
2682.310087    4443.341950    
3199.064618    3962.181608    
2304.232861    4291.554866    
4411.727541    7453.035487    
2757.310875    3927.997450    
2339.376084    4064.140850    
2585.668440    5223.826967    
3629.353822    6988.104611    
3524.917849    6236.895412    
2366.879433    4478.047067    
2048.916470    3320.014440    
2420.478132    6057.265192    
1609.828605    2242.952647    
3234.537628    2985.654259    
4004.130615    6977.525474    
3454.370764    6648.964054    
3679.872340    6073.496176    
2230.270095    5264.801330    
1790.582348    4461.364082    
3507.186564    5038.390387    
3388.588652    4431.494026    
6861.650315    11574.525639    
1605.685579    4972.259949    
3392.707841    5447.321400    
2397.375690    2970.848563    
2137.383964    3557.879228    
2815.831954    4892.813701    
5460.150118    7303.275696    
2270.678290    4248.017881    
4780.644208    7908.304163    
3077.797675    3580.476372    
4357.042553    4327.219399    
4008.250788    9530.822188    
1404.569740    2761.429105    
5903.865839    5676.521974    
4913.745272    9658.957775    
2528.318755    6341.080060    
2136.695429    4368.166102    
2987.665091    2863.554603    
3661.536446    5459.843009    
4124.123916    8974.812632    
4241.483058    9338.421910    
2523.578605    4117.597306    
3411.522065    5281.395597    
2770.092002    3951.954200    
3017.407407    5005.228243    
1818.139283    4251.968806    
2787.595745    6955.813623    
3880.946612    3979.255855    
1663.720055    3632.561445    
3685.615445    7825.301184    
3702.201340    3780.471571    
3873.591017    4656.566101    
3762.451537    6856.145129    
3370.994287    4567.840188    
2914.108944    4157.905993    
3607.252561    4105.427448    
6104.233649    6817.829714    
3826.975571    6528.528956    
4360.186367    4579.551878    
4427.734831    5990.647111    
7529.092002    16199.887370    
1735.087864    3452.315997    
2048.923759    3991.288794    
2836.663318    4058.029509    
3016.110914    3734.596007    
4076.367612    4382.234527    
1445.046493    3808.418613    
1817.377266    4646.685919    
2485.837864    3529.868437    
3176.834909    6078.047600    
4274.481087    8301.852947    
6673.446612    12936.034960    
4163.215524    10152.663150    
3069.658786    5090.839107    
3780.428684    4932.842739    
5708.081757    11206.856069    
2300.880024    5078.958094    
4515.849685    8375.989979    
2242.232270    5752.372226    
3919.641056    5301.962217    
2719.707841    3475.013413    
3337.346139    6041.966057    
3827.220646    7210.136142    
1890.203310    2940.487960    
3569.197006    4096.570382    
4954.776399    11410.400654    
3397.916864    3505.579669    
2423.169819    4140.944091    
2659.551812    9085.527409    
3049.846533    3249.565870    
10418.498818    18778.484190    
4117.959614    5524.735991    
1582.683609    3398.969094    
3392.973010    3811.334948    
2889.607171    5352.771128    
3557.866430    4694.417738    
3101.860520    4614.333043    
4365.093381    7645.789831    
2306.146178    3904.783509    
5392.142632    9227.011753    
3534.998818    5666.984954    
3436.731284    5610.350814    
3615.451340    5116.251306    
3484.655831    3957.128345    
2949.195232    3920.938379    
2304.002167    4296.607051    
1803.872537    3213.027411    
3521.210796    5526.133726    
4454.861505    5519.647059    
3712.081560    7316.812470    
3400.566391    5443.220367    
3160.081954    4156.075726    
3066.265760    7884.958282    
3886.653664    4845.248394    
2084.006501    2952.848611    
2682.857959    4670.639451    
5227.612884    8811.474830    
3400.211584    4044.183488    
4355.110323    4781.234231    
3524.169031    6391.824447    
4782.471040    9894.421599    
3871.218676    5928.602259    
2026.633570    4080.520882    
2964.470646    5620.833256    
4291.258274    4032.045664    
2609.329984    4992.512959    
3080.888298    4996.864256    
8359.106777    16008.901258    
5251.636328    6925.990417    
2842.296887    5475.276720    
3421.648936    3230.149756    
2276.377660    3349.765105    
2401.312254    4242.667411    
2756.202719    2615.175644    
3775.740347    5338.504597    
2728.536840    6050.124500    
4632.942080    6146.764921    
2960.455477    5385.286677    
3024.506107    4668.296701    
2484.418046    2972.059643    
6540.045311    9772.119242    
2817.394602    3277.897318    
2111.885934    3022.903870    
3636.673168    8708.891672    
4960.029945    5128.032978    
3223.474783    5424.619437    
2732.066391    5623.645390    
4852.454689    7518.004755    
4071.261426    6019.286960    
5916.629630    13832.257645    
4358.598503    4592.535648    
3694.206659    10179.465813    
1953.562254    3448.797635    
2858.086682    4004.789112    
2457.275611    5775.437439    
2314.108353    6160.230815    
2926.267533    9128.442130    
3723.054768    5498.022733    
1756.111899    2840.844652    
7316.618203    8444.941919    
3945.466312    8604.282457    
5833.305950    14340.351509    
4106.634752    5786.426395    
4443.768125    8058.328906    
2680.431836    5419.942872    
2966.551615    3902.127380    
4695.400315    6751.143596    
4118.135934    4719.997588    
3187.647557    7340.102387    
3421.355004    5546.150945    
2790.391450    3022.086799    
3264.232467    4336.794738    
2974.605595    5073.497537    
3522.084515    7179.037563    
2799.109338    4746.939653    
2415.062648    5374.731361    
6662.391647    13683.058615    
2442.360717    3252.981511    
4276.623719    6587.165307    
2814.818755    5522.087023    
3842.637904    7989.125584    
2728.671789    6120.290002    
2801.210008    5833.215697    
2744.779157    5190.623913    
2455.833333    5363.738952    
13775.596139    21282.708111    
2401.401300    3133.868758    
2390.733255    4958.717692    
2944.562648    3511.246782    
4348.580575    5790.852214    
2879.276399    4536.970750    
2989.877069    5954.156032    
4134.943262    5435.781990    
4228.103822    8965.195675    
3145.598109    6323.425132    
5417.682427    8584.602023    
4784.329984    5209.758989    
5355.270292    9159.894765    
2304.037431    3538.645420    
5495.163515    10280.271012    
2908.358156    5608.186069    
4008.455280    8104.781166    
2289.913121    5569.610590    
2659.720449    4842.890089    
2429.605004    4284.457038    
2610.696612    3198.462800    
4238.295311    4896.981470    
3012.978132    8152.417992    
2850.578999    2815.891546    
2989.209811    3849.833430    
4127.534870    10228.674186    
4249.590426    9276.533669    
4413.575256    7056.003745    
2788.946414    3952.504877    
3607.969464    4658.907665    
6930.555162    11560.897136    
2058.747833    2983.913738    
2152.361505    4303.098395    
2505.195823    4014.268216    
1844.189716    2419.950950    
3030.689125    5721.779376    
6187.075847    13851.393309    
4976.973995    6483.550419    
10383.217691    17496.381271    
2300.744090    4537.018228    
3648.115051    4923.603759    
3905.632782    3495.117303    
2272.440110    7215.546555    
2956.744878    2413.375218    
2693.179669    3813.992290    
2198.752758    3651.377089    
2480.426911    3623.413652    
3677.605398    11952.524252    
2897.941095    4126.065508    
2769.923168    4335.917100    
4060.769504    8736.406130    
3563.578014    3955.863450    
3307.661939    4164.068771    
2760.645193    4676.110241    
4392.681245    7902.309538    
3216.249212    7019.813954    
4240.022459    7697.883184    
2765.445429    4667.041806    
1707.670804    2715.930591    
2595.137707    5189.059910    
10167.552994    20322.134232    
4218.861505    8084.996622    
2700.585303    3850.663483    
5739.375099    12754.658199    
4001.914697    7320.093767    
4593.678684    9018.351485    
6311.562648    14632.332921    
1773.206462    4218.203409    
3443.452916    4524.287141    
2302.010638    4992.567962    
3373.362687    4600.168088    
3342.158392    4839.671051    
4782.017928    4942.118457    
3041.236801    4019.764694    
1870.838455    4004.779483    
3033.203113    6015.587305    
3346.144799    4645.459042    
3061.804571    4689.959907    
4108.012214    7553.948337    
3858.965524    5356.219619    
5275.535461    12910.284941    
2815.435382    7543.880883    
2362.018913    4096.656850    
5003.400906    8239.023204    
3678.399330    4747.019589    
5447.273444    4952.111674    
4068.480890    4277.950726    
2632.753349    4691.307236    
4070.341411    8863.557453    
2568.594563    3911.603834    
4283.010835    12407.555559    
2793.607171    4567.398458    
3354.368006    6433.018673    
5906.834318    8330.164023    
4376.012805    4457.855821    
2388.884752    4297.310039    
2265.441686    3232.685511    
5789.038416    5775.166294    
2154.781127    2787.287662    
4120.143026    9124.531953    
3522.157407    3494.417715    
2552.133176    4712.833537    
3830.834121    4941.091116    
3346.649724    5210.080793    
4435.577226    8671.052209    
5991.556147    11532.320530    
1456.250788    3411.189133    
2984.386525    6696.292995    
2130.170213    5813.659463    
3280.834121    4239.482735    
4315.709614    5658.952041    
4086.234043    4612.228146    
3600.136328    5986.466656    
3752.850670    6297.586413    
2805.694050    3170.722236    
2389.450355    4517.658390    
2781.001379    3837.679956    
2565.435382    4056.806085    
2627.712766    4667.663857    
3291.778369    4760.881649    
2730.714539    4288.959742    
2544.996454    5601.943143    
3610.196809    5500.328983    
4558.942080    9153.710126    
1595.017928    2521.088404    
2778.434988    5306.848021    
2020.624507    5807.659935    
4514.930851    7697.073977    
3312.396769    7271.449389    
4718.300433    7187.633166    
1827.885343    4489.838876    
4908.897557    4998.494135    
2568.928290    7974.383639    
2244.844760    4623.093863    
3305.232861    2743.628452    
3757.768913    6537.109386    
5044.363475    10295.681117    
3074.009850    4328.027872    
1963.273050    4813.521395    
3540.498030    5301.075356    
2958.052206    4753.871256    
2732.045508    4736.954770    
4246.477344    7316.867447    
2139.379236    6162.801790    
2366.943065    4113.455503    
5101.623128    7547.303569    
3609.274823    7848.426484    
7332.371355    15042.755804    
3380.208826    5339.573180    
3638.299645    4900.933371    
6720.965721    13994.796859    
1269.360717    3250.363177    
5396.706068    7335.506406    
3733.455477    5949.176144    
2900.021080    5017.643259    
3713.659180    3319.445387    
2108.265760    4784.302216    
3744.396178    9636.404299    
2310.598503    3044.627464    
2075.387116    4316.362195    
2755.410362    3843.139369    
5082.709614    7703.888665    
2813.914500    3949.636038    
3681.553191    4718.156347    
3232.913712    6361.295439    
2623.900709    4620.802155    
5123.296887    11394.734641    
4210.738574    6151.797120    
1989.578211    3474.643618    
3329.148148    3593.258751    
3382.526596    3972.586089    
2112.110520    3164.163067    
2658.916667    4532.655939    
3312.325650    5375.709012    
2728.072301    4305.188209    
3735.312057    4933.443695    
3901.326635    5808.582301    
4303.178487    7650.652548    
2088.853034    4025.522596    
3903.193262    4358.540469    
5344.652482    7968.853025    
1779.677699    4897.646763    
3510.870961    6035.761896    
2169.295902    3733.148997    
3905.335500    9303.277537    
2794.408589    4365.192028    
2101.471237    2604.737823    
3182.286840    3461.183201    
3595.114657    3541.632062    
3479.301221    6079.416650    
4376.027778    7903.808340    
2712.230693    6133.315846    
2764.146572    3774.157272    
4351.142829    4802.537161    
3199.160165    5619.744655    
4373.241332    6868.787369    
3960.655634    4686.848103    
3912.181639    4528.492425    
3039.526990    4629.301645    
3128.378842    4268.668031    
2391.972616    5067.891612    
2843.499015    3814.806708    
2186.399724    4781.214480    
2439.277384    4471.649925    
4286.914697    7980.158924    
3510.203113    4507.534079    
3096.495272    4359.908849    
3476.661348    5079.305037    
3599.842987    4070.493663    
3124.127266    5329.748708    
5322.815406    10237.341709    
4785.353822    11203.036863    
2980.205477    4046.371025    
2751.227147    9387.217639    
2508.444247    4426.950069    
3973.527187    11842.740927    
3611.651497    6513.937357    
1986.788613    5517.493643    
4118.698188    6880.464844    
2801.239165    4760.277857    
7751.712372    15861.679291    
2401.952325    4976.793403    
2730.589046    4005.256278    
4199.963357    7526.173376    
2554.405043    5683.087639    
2926.336682    5394.655481    
1680.468085    3659.906372    
2297.234634    4191.431370    
3167.540386    7933.845237    
3423.137510    5073.345302    
2709.030930    4753.969746    
1589.765169    3869.717183    
2254.129827    3569.675595    
2889.073877    4432.509979    
2388.850276    3679.399021    
2406.025808    5236.828324    
3035.546493    3125.037248    
5338.461978    10578.407007    
2747.182033    3984.491806    
4065.145390    5289.048405    
2955.565406    4110.478926    
