8397.742945    5149.721961    
6671.109347    4424.155384    
3321.086861    4188.457030    
8245.986772    4425.810764    
9222.099647    5886.990013    
6168.176367    6053.548504    
10753.180335    6598.786613    
10291.791005    6005.983253    
8340.905644    5999.642810    
9019.576279    5170.571610    
10006.354938    4663.699247    
7552.258377    3557.457157    
10167.605820    11255.414418    
8764.921958    9623.318941    
7218.758377    5491.619217    
12016.094797    7351.107066    
8430.586420    4347.973887    
10087.696208    6169.825757    
12881.553351    6232.116720    
10983.423280    4994.318625    
7116.716490    4262.936503    
9283.062610    11203.147589    
8533.970899    4279.272157    
8138.551587    4571.562470    
8978.650353    3295.392917    
8114.608025    4298.483753    
8859.231481    5751.148298    
4901.603616    3609.964743    
7629.901235    5207.092357    
7897.909171    4602.498810    
6355.995591    3593.326538    
5597.066578    3008.615392    
7176.522487    5011.252209    
11934.341711    11978.679220    
5473.097002    4270.285669    
7217.902116    6260.121645    
6778.761464    5232.720056    
9268.779982    5432.176985    
6501.242504    3735.871217    
7854.798942    5625.116229    
10371.524691    10253.074407    
7584.245150    4327.456058    
20071.301146    18604.746295    
9835.061728    11190.730590    
9709.800705    11533.538278    
7107.013668    4295.675502    
10001.994709    6167.081157    
8029.465608    5681.516427    
11098.232804    8333.723402    
13534.921958    10161.858836    
9107.651235    5986.149608    
15069.859788    11926.035198    
9581.767196    7776.544981    
6269.396825    4577.591905    
12016.436508    10234.338797    
9580.515873    10434.929353    
4845.134039    5735.020915    
7558.701499    3916.262455    
9149.398589    10211.922671    
7295.045414    4925.418966    
10457.152557    8872.776174    
6104.350970    6128.399531    
9774.977513    12323.540443    
8274.260141    6409.737733    
7455.929453    3984.150332    
7304.798942    7505.463470    
7570.068783    7215.291700    
7955.435626    3229.377847    
13176.892416    10280.548825    
10667.168430    3299.435004    
7251.365079    7793.508453    
7109.922840    3477.859568    
12378.854497    11535.491871    
9559.387125    10049.715259    
11184.564374    9346.510659    
11112.027778    14462.661398    
10030.262346    7907.026550    
8248.007055    5466.502952    
5961.026455    5094.399325    
5094.919312    4158.286603    
7539.043651    7439.709424    
8553.110229    6130.008515    
7456.394180    4035.663853    
12965.773810    11694.266759    
9710.639330    4090.423327    
5642.213404    7204.938225    
9714.165344    7397.718271    
9539.050705    9943.931497    
5946.594356    3992.982043    
8668.140653    6794.763952    
9070.045855    5144.665416    
8900.390212    6646.661705    
12409.616843    9690.815269    
7825.819224    4115.961806    
5768.548060    3907.071778    
7464.742504    5042.155628    
10412.424162    7418.070930    
15574.275132    15644.021591    
7822.261905    4038.023724    
7393.383598    6636.799012    
8787.753086    4598.515324    
8792.256173    4633.711070    
7315.455908    5713.256819    
6461.122575    3401.316949    
8744.249559    10953.778861    
7404.165344    4977.294015    
6306.333774    3939.013525    
9503.187390    6984.436258    
6290.103616    5025.086238    
4977.038360    4397.175563    
7529.430776    4262.762593    
8482.424603    8287.767938    
7319.209436    3193.886615    
8728.911817    6563.373686    
9316.618166    4316.575746    
10091.708113    6578.072625    
8022.498236    7357.200627    
5519.640653    2963.594886    
6415.078483    4289.236339    
11009.544974    8000.622462    
9181.547178    4702.685479    
6608.184303    5372.409084    
10039.119489    8224.855899    
4410.276455    3944.360335    
6444.561728    4796.145483    
9237.283951    5575.498994    
11157.255732    8186.174571    
8218.191358    9048.604283    
7106.929012    4120.665288    
7535.152557    4913.433244    
8300.485009    13294.417571    
7238.286596    8284.509553    
9280.482804    5559.109650    
5380.574956    4263.761592    
7092.664462    2446.793373    
7402.217372    5506.759602    
6374.399030    3574.709569    
10661.732804    9485.046168    
8979.520723    5822.436052    
8670.075397    8538.237329    
9816.059524    9957.718235    
8137.947090    4586.536022    
10807.710758    5166.482569    
10853.567019    11452.623228    
7338.870811    9189.732893    
8266.034832    8090.167834    
11472.009259    10230.064905    
6746.334215    6092.661109    
11334.037478    6292.778586    
13982.062610    17684.699820    
4973.084656    4802.173503    
10123.816138    5928.570636    
5797.173721    5154.869661    
7372.137566    7406.922583    
8170.900794    5019.806150    
7798.691358    4364.768134    
8695.193563    5738.493793    
8010.522928    5072.729913    
9447.823633    6344.672955    
6902.849647    4853.792198    
8492.261023    9704.215571    
9144.417989    5745.602165    
8042.580688    3546.517224    
8100.334215    5463.246346    
8501.424162    2394.896986    
8377.910935    10239.002423    
11124.899030    17402.032419    
11633.105379    11117.602742    
8705.936508    3724.604239    
9528.443563    6893.161721    
8698.499118    5598.322180    
7643.115961    5136.625483    
10518.515432    6477.148923    
8897.220899    9196.027927    
12713.746473    7794.915538    
8826.147266    6702.272020    
8238.222222    2823.088569    
7284.922399    3901.514647    
7825.850529    4525.833394    
5891.802910    2512.422938    
11959.419753    8945.458994    
9639.302028    4338.997247    
11910.538360    8711.533559    
5744.699295    5363.831994    
9227.612434    5667.470998    
9823.029101    6138.150155    
7182.912698    2126.992318    
9998.884480    12341.246934    
5428.813933    3964.862006    
8938.055556    7078.158724    
10371.631834    5695.149987    
6266.936067    4452.585805    
7566.644621    4472.083298    
7891.747354    4265.152081    
8612.189594    9373.379791    
6716.044533    3599.204082    
6102.032187    3600.659878    
8637.843034    4150.660582    
6545.772046    4719.201196    
8516.466490    4539.663547    
6217.413580    5966.812071    
7797.223986    5836.297780    
12666.451058    11066.858519    
7322.996914    7533.084202    
5449.960758    5952.593880    
10145.834656    5429.079043    
11135.684303    6678.390550    
8949.682981    4491.250782    
11735.963845    6336.893603    
6486.219577    6505.705052    
11573.819665    6800.495440    
6932.114638    3355.749635    
7885.361993    4176.309026    
12138.052910    11609.496881    
7924.089947    6151.539906    
8456.759259    5658.626328    
8538.126102    8296.869344    
8752.201940    5901.413732    
6065.248236    7914.993586    
7080.695326    3542.711956    
6509.622575    5733.024946    
8183.109788    3598.338396    
10509.567019    5020.465761    
7930.827160    3949.229296    
8178.308642    3671.269267    
9537.494268    5968.652280    
6826.082451    5516.154405    
7390.866402    9085.734079    
5503.303351    4176.079571    
7663.827601    4866.066889    
8786.476631    6928.774989    
8648.526014    4318.146517    
9808.631834    6308.532072    
11299.655203    7828.473802    
4781.570547    4176.687272    
8150.775573    7582.416305    
9994.983245    4578.417635    
8771.564815    5257.733390    
13518.953704    14015.180688    
8385.686508    14147.482042    
8721.161376    4722.729451    
8736.157407    6818.148496    
8820.103616    3522.754711    
7757.449735    8891.242346    
7347.831570    3034.907425    
8571.831570    13561.978243    
7691.430776    3969.809741    
7986.512346    7197.645887    
8000.317901    6381.814315    
9598.204586    8401.867705    
7808.551587    8084.488535    
8342.755732    7196.120081    
7662.504850    2970.610984    
6247.559965    4423.972407    
9198.476631    9860.106236    
11342.245150    9281.758640    
11057.275132    12082.127053    
12611.130071    14618.024981    
7079.244709    7748.207561    
8168.903880    3085.437353    
8588.813051    2503.173689    
6408.204586    3018.939669    
9244.393739    6731.353201    
6396.981041    2500.964777    
8242.905644    13355.165954    
7443.234568    2642.411754    
9372.792769    5854.610182    
8517.179453    5144.826852    
8697.444885    5098.309058    
9884.473104    5997.800244    
10039.091711    5976.349568    
8060.578042    11099.580072    
6845.849206    4865.255103    
8043.754409    5007.203889    
6392.045414    3867.780466    
8142.594797    7038.630334    
7036.937390    6487.135515    
11950.805996    6635.331692    
7700.081570    5123.702760    
10349.240741    5718.592697    
9732.899471    5528.376432    
6753.266314    6317.900096    
9344.348765    6078.445748    
6695.746032    5035.599555    
5703.834215    9226.432310    
8833.828924    6277.354822    
6693.578042    6618.892189    
9286.476631    4387.942211    
5502.713845    4154.281707    
7412.353175    3608.091623    
11658.490741    7936.646103    
6960.125220    3341.886677    
6861.807319    6269.490795    
7066.697972    4491.976676    
11086.385802    10196.093004    
8959.768519    7219.256783    
6923.978395    5395.901294    
8537.852734    6167.589789    
10254.060406    6791.558325    
8485.053792    6170.873763    
6212.134921    3804.215210    
7837.644180    8585.221278    
7519.180335    9207.530224    
6961.978395    5909.724713    
7978.422840    7269.967061    
7134.891093    3372.927315    
9937.459877    10599.255890    
6054.772928    6009.216461    
9806.094797    10743.679667    
10395.531305    9939.702969    
7787.547619    3090.170905    
8496.706790    6741.353566    
12502.083774    8654.212813    
9789.482363    5606.099458    
7774.537037    6978.983656    
4752.333333    3877.875234    
9756.692240    6809.263012    
7867.066578    9708.404879    
7545.649471    3685.613776    
8878.862434    4955.299961    
10513.948854    6319.044225    
6330.756614    4924.533565    
12080.227954    14429.409204    
10900.692240    8133.954326    
13715.486332    13658.992536    
7485.682099    6050.177574    
6447.982363    2950.299057    
7742.140212    3503.176909    
7465.992945    8128.398071    
10149.461199    7546.046080    
13412.770723    6858.944021    
10518.715608    7990.595059    
10102.282187    9530.175438    
8078.105379    6606.223368    
9214.266755    6193.210869    
8015.958995    3368.765275    
9521.727954    6293.362855    
7610.279982    6875.110869    
13396.317460    7859.372918    
10447.377866    4293.737231    
8380.160053    4501.599863    
8572.511023    5120.427009    
11975.274250    12929.736373    
9905.996914    9326.468611    
13254.259700    12674.429307    
9164.992063    6691.395013    
8802.259259    9259.883398    
8120.588624    4370.728239    
6664.265873    3404.846031    
5412.759700    3477.751333    
12551.997795    9236.214150    
6012.359788    7645.778391    
9076.386684    7535.048992    
9368.686067    6638.679817    
6652.216049    7287.152141    
5506.764991    4130.516862    
11113.429453    11632.575389    
9454.294974    3508.818919    
9194.043651    9762.876165    
9669.155203    4119.608978    
5593.492504    4281.951141    
8948.630071    12733.210400    
7010.717813    4437.864663    
5821.798942    4182.903576    
8471.920194    7976.092873    
5324.600970    6894.977829    
6875.077160    4272.098556    
5277.487213    4179.002870    
8558.546737    10078.793457    
5999.789242    6356.281740    
4290.432540    4236.411499    
6543.005732    5770.444784    
7584.133598    5122.572812    
8722.422399    7362.476851    
4923.175926    4668.858156    
8346.272046    9854.230263    
10238.669312    4775.729356    
7775.514109    6498.459127    
9017.910935    4111.117961    
8530.294533    4311.568119    
8201.643298    6388.603864    
9462.609347    7792.070899    
12191.770282    10245.679104    
5625.265873    4660.597856    
5926.365520    3551.220956    
7297.909171    7262.573917    
8136.123898    6768.391885    
10209.114198    8863.465417    
7939.158289    4425.761846    
6830.112434    2625.005769    
10808.250441    6898.298940    
16211.967813    12825.972283    
10269.173721    6937.427876    
5989.030864    4303.131667    
11038.518078    9556.486892    
10072.910053    4204.031330    
9953.455026    4434.686436    
7868.182099    5743.579452    
6997.816578    4018.665122    
9542.313051    6714.619808    
7917.228395    6189.176557    
8680.773369    4543.256094    
6219.702822    4577.991075    
5167.856702    3944.974323    
12967.789683    14680.243650    
8270.026014    6637.786324    
8407.367284    4029.444486    
6021.944885    5986.183185    
10701.668871    9491.723619    
9741.325397    5241.517902    
10791.487654    9694.274654    
5426.881393    3851.035796    
7270.521605    3280.137877    
6206.965608    3943.419135    
6842.665344    4795.524064    
8406.533069    4230.558668    
7708.008818    5003.983160    
5915.526455    5938.528778    
11129.031746    9393.248367    
13027.543651    9878.086074    
12793.602293    10276.209049    
6056.313051    3709.274523    
9213.947531    4014.857020    
7922.641975    7947.320918    
9427.019841    5888.983304    
9190.485891    5842.684957    
9776.543651    7818.374353    
8151.424603    2933.312665    
11065.585538    12658.993144    
5924.358025    4710.740127    
8965.231922    6644.734439    
7681.171517    4640.192060    
8342.354497    4242.867365    
10413.502646    14203.854874    
6677.948413    3718.690932    
7865.947972    4495.692172    
12294.394621    6995.196627    
10363.639771    10591.774824    
8970.943563    7104.574911    
11201.899471    9501.489392    
8498.444004    9853.343497    
6675.417108    4214.011330    
10502.006614    5011.062703    
8084.155644    8164.474164    
11762.663580    8030.052292    
9920.383157    3676.439569    
5759.999118    4096.821811    
8221.221340    11108.304290    
8772.217372    11582.015733    
6861.200176    3845.373046    
10753.773369    7588.549238    
8802.113757    11293.934552    
9095.158730    5791.345966    
8077.574515    3338.993518    
9971.343915    8826.675491    
9699.591270    6449.108665    
7146.821429    3405.688653    
5533.621693    3624.114022    
5129.118166    3533.253311    
7972.374780    3687.647976    
8939.202381    5563.083975    
8799.784392    13189.035721    
10399.417108    6428.471370    
9379.169753    5128.169854    
6337.063492    4387.201428    
7774.694885    5660.485265    
7177.228395    6153.598567    
7093.652998    2608.766567    
9806.896825    7217.012324    
9755.673721    7884.192713    
8691.706790    4979.433337    
7782.753968    13447.979077    
7367.516755    6894.696640    
6740.508818    5521.717217    
11396.205467    11192.102526    
6678.633598    3900.137706    
10245.771605    11431.204344    
7990.286596    3853.786971    
7608.621693    3609.490397    
13471.985450    14228.622051    
10245.272487    8081.623306    
9699.514991    8447.700941    
9438.086420    4097.250341    
12109.850088    8988.763899    
7737.367725    3402.761208    
7439.904321    4004.837793    
10280.968254    6864.156616    
8518.990741    5666.204016    
13480.796737    8746.724519    
8669.519400    4455.210771    
8489.882275    5956.464805    
10150.480159    9638.343483    
8334.365961    6840.391749    
5989.909612    5962.468819    
11037.865079    8890.927396    
7754.080247    4043.746185    
14578.659612    12603.456611    
7592.406085    4767.670334    
7601.769841    4472.045045    
8300.104938    6461.013871    
7285.880071    7482.618420    
8721.507496    7009.487058    
9597.017196    5660.756926    
6576.818783    5514.199620    
6638.994268    3955.870553    
7902.002646    5852.365065    
9902.835538    10218.131927    
6539.891093    4267.129581    
8586.405644    7025.702682    
5787.040564    5474.844826    
6290.166226    6373.053599    
7817.955026    6754.426833    
9770.502646    6598.660427    
11574.627425    7159.056782    
7719.740300    5100.179347    
7844.655644    3600.526733    
8116.458995    6144.883425    
8204.815697    4423.852779    
10515.696649    10466.478348    
7202.981922    3757.077658    
7230.842152    6133.614144    
6854.091270    4026.308095    
10600.532187    6752.894141    
4783.989418    3226.059533    
8793.102293    6060.411609    
5512.692681    5155.605821    
8211.084656    7460.922990    
8687.344797    5394.049789    
6923.310406    3673.525661    
8727.328924    8716.863539    
7854.529982    5465.132200    
9295.090388    7200.349336    
6451.899471    7526.985873    
12555.532628    7665.591754    
6300.606702    5518.035504    
5498.527337    3087.497390    
9427.439153    10109.708708    
6831.556437    6103.744831    
10512.210758    12834.830441    
12764.765432    7833.324322    
9047.444004    12098.632195    
6219.255291    3971.359550    
8722.850088    4356.218368    
7312.582011    4671.632963    
5628.023810    3375.390472    
12000.037478    7913.693380    
10056.347002    8380.540491    
9739.844797    12752.432783    
5648.888448    4227.922333    
9460.165344    4610.743652    
12636.241182    7122.843003    
10048.195326    7648.270536    
7646.510582    3817.456647    
8978.913139    11580.616418    
8977.291446    6879.617337    
9632.626984    4816.486295    
9020.687831    7003.844788    
8666.040564    4753.798637    
6114.707672    3299.027801    
10965.710758    8574.474706    
7959.111111    10137.804195    
8530.219577    3472.183394    
10265.652116    8398.691968    
10223.542769    6158.739348    
7642.167989    6338.509286    
9171.264550    12696.200912    
8691.805115    2983.921903    
8102.779982    3631.847391    
12379.199735    9107.690921    
12040.510582    9743.070459    
8547.539683    3053.787204    
5682.605379    2997.846012    
11641.715608    9650.987227    
8865.261905    7401.123308    
6043.307760    2945.463301    
6347.118166    3218.092867    
8614.713845    3998.177695    
6576.822310    3842.391575    
5757.431217    2696.274577    
4275.776455    4057.731887    
7903.493386    3799.762993    
8764.788360    5647.672636    
7645.360670    3527.726960    
8273.178131    4782.671244    
7320.589947    4884.071907    
8617.753527    3400.180689    
6245.735009    3088.264896    
6991.530864    4974.266771    
10605.179453    7749.259652    
7048.697090    3654.055542    
11201.878307    8724.402344    
7963.285714    3451.405946    
6273.960317    4125.220157    
7464.030864    6223.349003    
7718.469577    4397.611832    
8914.567901    10358.981317    
6537.711199    5975.419101    
10159.639771    6583.134159    
10320.738095    5448.627469    
6436.402116    3078.057737    
9020.502205    6299.320827    
6408.900794    4628.275181    
6790.111993    8880.883539    
7872.056878    3957.425943    
7304.501323    4436.685192    
9113.872134    6620.349764    
10142.967813    7364.281230    
9767.820106    12176.514114    
5148.972222    7162.061576    
9267.496032    6958.409277    
8661.519400    6709.550724    
7546.450617    7314.533249    
7739.389330    4393.732145    
7035.954586    5826.419349    
9101.565697    8379.865919    
7089.328042    5444.919365    
8679.341711    7302.556617    
10283.662257    5364.224077    
9018.552469    13527.830490    
9894.435626    7836.941408    
7477.835979    9593.015209    
7942.447972    9625.930183    
7043.311728    5406.517296    
12424.126984    14238.741306    
14613.518519    15412.066570    
9677.417108    10899.981180    
7336.217813    7873.817780    
7487.283510    4770.149027    
9603.574074    5629.522106    
7439.832451    3098.712701    
5382.812610    4932.570104    
6838.968695    8242.593704    
11174.623457    8994.240575    
9209.271164    8499.276323    
11215.370811    13284.264342    
10584.255732    7801.171169    
7814.186067    4110.588718    
9747.666667    9153.561631    
7109.290123    5381.411003    
6748.124780    7512.237904    
8460.893739    5514.589972    
7651.288360    7444.774555    
6144.471781    7494.877417    
13415.993827    17054.479891    
9717.449735    7505.270390    
5354.503527    4799.101702    
9703.540564    6607.207363    
6022.580247    6841.241670    
10061.300705    5803.737945    
9980.572310    5240.125860    
7973.734127    11465.673362    
8826.272046    3872.908663    
8067.413580    6473.366352    
7540.635362    3609.965152    
7298.697972    6640.916589    
10970.483245    4777.806570    
7878.286596    6122.207291    
10857.442240    6492.223862    
7071.840829    4522.663335    
7183.475309    6266.254949    
6613.795855    3012.628912    
7391.344797    4096.220115    
6600.697972    7126.258907    
6168.654762    6034.474337    
7770.210758    8976.176478    
7667.937831    5663.574812    
8197.980600    3664.299944    
9612.981922    6611.626173    
7758.125661    5725.308001    
10000.746914    11033.223622    
6182.116402    3157.495301    
7011.225309    4765.387151    
7027.154762    7396.001987    
9497.822751    7581.604856    
8175.247795    5109.401004    
6829.823633    2708.246188    
8072.899912    7882.377314    
5813.252205    5737.073387    
8687.281305    4863.138540    
5503.213845    5093.780187    
6649.132716    4930.030591    
10276.678571    11484.284072    
11836.692240    8297.489244    
12567.953263    7598.002337    
8552.736772    7305.353646    
8477.352293    2164.871706    
5970.906526    3596.125751    
9195.517637    8318.332269    
6044.057760    4044.993238    
8694.429894    7371.120812    
7353.898589    2524.908879    
6672.895503    7883.865358    
7224.118607    5241.227249    
7195.369489    4880.585663    
8457.082892    4100.344037    
9104.028660    2262.562738    
6700.642416    6859.546093    
11186.301146    8512.777955    
9124.709436    8082.544969    
8544.933862    9088.903640    
5655.447531    4384.014948    
10536.766314    8775.676899    
6726.682540    4054.768616    
6780.651235    6344.876946    
9241.573633    3653.806909    
7197.048501    7916.416517    
10694.378748    6347.978528    
11402.850088    16299.855453    
9546.906085    10082.826398    
8161.941799    8157.383522    
8723.346561    6513.402435    
6742.019841    4258.359991    
6807.421517    6744.624421    
8211.220018    4934.871055    
11452.777337    12059.922717    
8620.570547    6831.440260    
6814.554674    8079.458903    
8559.947531    3290.846922    
9083.878748    3846.642979    
9542.036155    5059.001951    
10446.171958    7441.998042    
6429.118607    4078.156626    
7242.908289    5081.941166    
9681.517196    4838.330218    
8631.473986    5973.130882    
7947.958554    2405.528385    
8675.279101    8691.848363    
6033.155644    4617.747853    
5643.719136    4796.245350    
9222.921076    9283.590918    
6283.664462    3391.753768    
6785.645503    5703.104362    
7928.729277    2896.016652    
10086.674603    6688.238139    
4679.880511    3865.815132    
11096.839506    14237.374148    
4939.881393    5771.076159    
6757.762346    4668.960629    
4581.369929    3270.226271    
9595.247354    4468.650145    
11007.935626    6801.647645    
9625.538801    10802.433760    
9196.391534    8823.598804    
9123.292328    12856.663857    
9427.742945    6053.097525    
5678.887125    5107.129009    
7891.576279    6376.904022    
5236.913580    4651.382091    
12430.936067    15469.305067    
4137.874780    3869.365247    
6250.791887    9872.779151    
6868.949295    4706.322258    
7550.844797    5728.786915    
9962.497795    9656.536314    
7300.038360    3133.428189    
8482.663139    5125.430352    
9254.760141    4184.669131    
15872.960758    14909.802856    
9189.882275    8310.941840    
6178.347884    3977.060736    
8963.765432    9262.047236    
7493.209877    5122.835048    
9817.704586    7005.374987    
8357.757055    6874.257784    
7574.119048    4482.613262    
9926.029541    11720.167813    
9249.928571    5465.684055    
10696.569665    8531.612242    
12464.621252    8619.623408    
8069.011464    7878.824875    
7536.085979    7068.468882    
6086.057319    3953.876660    
13342.694444    8319.197601    
12297.551587    19593.176026    
6130.813051    6170.966145    
9934.584656    7862.701406    
7793.490300    3490.121908    
6272.665785    3655.561796    
8196.447090    2470.605955    
8314.493386    4640.294377    
6569.048060    7050.146173    
7261.761023    4102.094527    
8523.059524    7112.711856    
3721.393298    3740.566377    
6599.264109    2708.053103    
7382.498236    5064.783113    
6092.029982    6296.408402    
10186.958554    4623.601627    
9908.509259    6546.936629    
7239.992063    6836.537706    
8089.541005    5772.850181    
10961.454586    9284.344530    
5268.172399    3022.094336    
7251.682981    7345.292934    
11724.485891    9424.711618    
8943.353616    4512.566356    
11432.662257    14437.847368    
7168.719577    9585.364180    
9352.443563    4015.491177    
9922.927690    7038.895111    
10581.774250    8546.917980    
6760.194004    3835.892288    
8687.375661    3202.065452    
7532.638007    5463.890980    
9194.573633    9801.567313    
7987.094797    4749.405265    
4625.007937    4993.215930    
8130.095238    10941.379360    
10172.960758    7332.645345    
5831.796737    3272.351398    
4086.060847    4784.464692    
7325.096561    2992.678909    
10949.497354    15225.061027    
7220.318783    3330.387853    
7376.615079    4149.038327    
12551.024691    12778.879433    
7307.313492    9713.642978    
7230.597443    7458.985774    
9076.630952    6717.283064    
4573.005732    4092.422189    
15518.456790    14130.429385    
9244.892416    8276.343828    
4882.295414    3393.349243    
7403.742063    6301.927998    
7223.303351    12396.310089    
5064.091711    5326.660290    
5087.076279    7540.825327    
9091.815256    9791.380627    
5334.152998    4124.502974    
8804.475309    6445.328460    
5271.951058    3350.034226    
8430.625661    9331.295851    
10758.225750    8266.510720    
11656.194004    7619.416898    
9236.988095    6930.249683    
6740.164021    4527.293080    
6539.074956    5495.000637    
11960.628307    8271.285881    
13464.961640    20882.061563    
7159.599647    3923.243630    
7147.322310    6248.874143    
6262.195326    4057.600374    
8321.117725    3165.828602    
7688.465608    3555.786856    
8146.774691    4683.597439    
7032.384480    2980.357949    
6954.578042    8794.452786    
11361.988536    10554.290037    
6063.562169    7601.027937    
6372.159612    5066.416918    
6144.367725    3538.343092    
8287.784392    5531.532179    
5397.552028    3345.344859    
10056.382275    7224.954631    
9979.422840    6267.218727    
11409.560406    6862.588390    
8503.861552    6162.174775    
10292.104056    13366.392992    
7321.984568    6263.726680    
10955.824956    8182.040642    
7539.268078    2889.334506    
8305.051146    8631.394028    
6478.794533    2600.626924    
10542.995150    10019.062217    
11020.919312    12429.950851    
7701.225309    8793.750156    
8360.290564    7365.334630    
7410.358907    4932.817300    
6176.813933    4636.162331    
9109.373457    11168.188691    
8053.639330    3744.796227    
6288.198854    4521.256813    
9966.494268    10588.531158    
4011.219136    3790.975079    
6625.603616    7522.517840    
6656.957672    4324.687090    
6993.136243    6090.114817    
8512.529101    3559.395037    
8045.515432    8573.799914    
10381.567901    12992.531090    
9110.750000    6830.544800    
9771.675044    9563.241502    
9976.038801    6560.521542    
8314.220459    8557.045380    
7536.591711    5139.825546    
6702.100088    5655.906131    
10589.011905    13661.469197    
6960.540123    5991.638194    
7367.914462    4248.131079    
5693.803351    4355.733304    
6242.046737    5371.422746    
14136.292769    17459.999223    
4936.286596    4300.718697    
6593.069224    5740.272506    
10862.401235    10788.736199    
10495.873898    7875.384444    
7294.192240    5104.656700    
6004.599206    4513.999171    
7364.080688    6075.591088    
6714.797619    3461.294597    
8444.762787    7458.633263    
8739.885362    5601.558387    
9748.321429    7251.202188    
6456.193122    3148.048269    
8497.348325    8738.762636    
12385.640212    11117.403002    
4884.600529    5045.811772    
8826.991182    6324.420655    
9614.297178    8631.013265    
7576.743386    4125.004246    
5028.610670    3812.137907    
7395.212522    5710.296833    
7001.318783    3140.200754    
9323.826720    6248.411452    
5669.115520    6718.262619    
8820.314374    5242.797821    
5977.246032    5462.662537    
7105.176808    3251.757936    
13480.556437    15129.538137    
5334.179453    4279.269100    
5001.578924    10719.156525    
4895.973545    5277.946710    
11181.891975    8733.026411    
8042.669753    4601.701559    
6716.342593    3739.861632    
8304.433422    7959.548595    
9183.554674    7171.463399    
7049.529982    7983.886262    
9128.548501    5932.744306    
9382.230159    11848.897812    
8970.902116    9900.610927    
8130.981041    6392.330140    
10952.029541    12045.389994    
10537.896825    6824.341648    
10850.424162    11105.373863    
7831.659612    8825.027402    
9185.014550    5462.272517    
11973.672840    9270.079956    
10728.237213    11166.380454    
9330.645944    7880.708464    
5852.043210    3288.431676    
7538.379630    4936.528863    
8111.073633    8289.889639    
9118.907407    7064.899876    
7929.324956    5141.961754    
11022.320547    10395.100856    
6293.135362    8071.955027    
7070.688272    5096.275555    
8055.966931    3842.062690    
10453.706349    5944.146243    
10636.666667    4675.366097    
6342.960317    7727.096188    
8194.705467    5812.597339    
7641.917549    5026.724746    
6466.417989    5552.836862    
8136.545855    4974.355189    
7253.760141    7362.242021    
11681.779541    8321.951808    
11031.195326    9829.050919    
8636.216490    5819.897340    
9795.519400    6413.435110    
6406.562610    3423.848647    
6775.241623    6103.628822    
7890.346561    4631.956589    
8335.661817    6633.947563    
12157.799383    13204.871267    
6409.600970    4503.377524    
6497.002646    3971.287399    
8438.758377    4752.760703    
10744.805115    9726.333671    
6705.126102    4420.471426    
6585.496473    4538.968202    
7502.135362    9444.516673    
6317.831129    6516.496346    
9525.270282    13472.421115    
10278.436508    8689.603820    
7399.070106    4089.523397    
11221.858466    14180.911874    
6418.244268    5329.670922    
9398.697531    12126.493494    
9795.126102    4621.960827    
11815.607143    11062.194551    
6366.427690    2574.214666    
6240.372134    2947.185214    
7064.222663    6540.071556    
7881.541005    4142.152064    
7290.110229    10035.837507    
8494.752646    7209.055210    
7717.287919    3669.668751    
5408.127425    3503.211333    
7736.099206    4287.527314    
4865.223545    4221.009373    
6636.244268    5622.769238    
8788.246914    5953.520928    
11601.937390    12741.992246    
10460.268078    8411.526022    
8377.973104    8414.031615    
5988.358907    4004.722724    
7916.460317    6677.125442    
10755.574515    8952.468214    
9369.097002    3870.664158    
5416.065697    3658.169842    
7759.962963    7975.230783    
6268.313051    4168.375773    
9922.628307    3557.922867    
4704.787919    3720.820672    
6948.874339    5478.016351    
6660.815256    5335.633429    
9247.099647    6325.959374    
5870.645944    8039.340374    
6718.148589    3450.474448    
4759.345238    4905.191399    
7707.201940    7223.687593    
6881.300705    4093.487882    
4963.261464    3749.334670    
8967.555556    8882.441750    
6415.406966    3897.927493    
