16257.180556    6632.168318    
18650.029762    10781.884663    
19493.272487    8980.549021    
22319.306217    9257.265635    
14052.570106    8266.728922    
15994.667989    7105.562215    
20573.795635    10650.747773    
16866.902778    6989.533518    
19684.259259    9880.072754    
16422.588624    7161.630171    
13312.680556    6811.635266    
12681.091270    6569.784293    
17301.283069    7483.236539    
14982.163360    7752.644922    
13494.667328    8606.179829    
13886.189815    6216.187278    
19775.490741    10879.373364    
17169.115079    7218.653927    
17000.201058    8183.927215    
16412.003968    7859.680428    
15621.328704    8030.400903    
15869.393519    6478.739562    
16581.387566    8471.651535    
17158.389550    8529.906965    
14652.650132    8134.718055    
18847.380952    11097.451552    
18376.982143    9745.420166    
17342.052249    8576.281736    
15928.091931    5823.795702    
14753.095238    5256.321261    
21759.412037    10972.512514    
17367.225529    11678.005918    
15225.252646    8377.015514    
16587.529762    10496.180256    
11876.394841    6438.120324    
19663.673280    11148.617431    
15716.513228    6411.316246    
17802.543651    7054.637639    
17464.307540    7311.561280    
20391.458995    12912.541996    
14539.039683    4192.354343    
11964.322090    9359.395360    
19554.203042    12675.814137    
21826.886905    12535.694156    
12073.777116    5454.310278    
16510.691799    9289.045268    
19027.859127    10395.388504    
13469.320767    4300.705216    
19059.912037    8683.436859    
14227.585979    7580.012839    
17979.621032    6833.423474    
13870.882275    6508.648775    
15164.117725    8788.152024    
13650.423942    7030.970242    
16614.601190    9657.778740    
15976.666005    10375.181736    
14491.840608    6254.074785    
16422.062169    6043.527728    
15707.261905    8317.321323    
15308.505291    11356.303742    
14607.252646    6615.554107    
16321.889550    4986.767549    
19281.589947    10898.820697    
14426.792989    6652.871625    
19894.904101    12173.316664    
16140.681878    9168.839966    
14518.061508    6919.158926    
16277.637566    11144.576498    
15222.050926    7221.791325    
17385.541005    11771.796186    
13962.345899    4927.486211    
14887.612434    6225.949330    
15352.201720    6102.835446    
16139.105159    6734.452246    
18856.382937    6305.838139    
16515.013889    7288.670846    
12906.688492    4239.663703    
14408.984788    6268.524896    
18864.963624    9645.320047    
14713.140873    5882.016583    
13574.309524    5546.991322    
19748.221561    12370.398049    
15398.070767    8600.789541    
16478.821429    6671.359597    
14287.128968    5005.671100    
20310.542328    12029.114288    
17560.035714    8591.192748    
20055.622354    12670.096473    
16945.390873    5319.402619    
17982.808201    10614.506890    
17743.375661    9195.131580    
15181.580026    5313.208429    
18949.056217    11128.002247    
13635.062169    4708.317668    
23765.473545    11921.212348    
13459.378968    8075.740997    
15738.731481    5943.050603    
15190.605820    7499.451611    
13819.490741    3574.875418    
20275.833333    15051.219833    
17538.253968    9756.701672    
17069.298942    7342.736810    
22602.240079    11882.178363    
24350.568783    14634.998227    
12550.447090    9473.800874    
14700.575397    5468.541934    
17354.851190    9481.342017    
22749.175265    15949.580197    
15449.793651    9703.649966    
12577.505291    4915.699380    
15570.869048    6562.324278    
11179.079365    4939.042557    
18642.865079    14909.260319    
16358.000661    6660.076939    
21363.097222    12151.336854    
18372.619709    10705.990943    
13067.770503    4911.424805    
17957.229497    10326.713752    
14691.812831    7864.841158    
19614.156746    10107.473627    
14710.390873    7780.829985    
13817.289021    8885.820918    
13975.691138    5308.269842    
13829.729497    5061.917872    
16464.269841    10344.568573    
20447.902778    8959.523490    
16518.464286    7280.555121    
20643.980159    15161.224750    
18402.344577    9114.671201    
17837.935185    7996.920860    
17958.822751    11599.153606    
19813.910714    8638.848930    
15923.343915    5476.487628    
14352.731481    7034.638514    
16301.536376    8291.464747    
12148.698413    3613.342156    
14928.360450    5757.512129    
15940.538360    6992.281068    
16640.462302    8433.012740    
14636.515212    11230.453605    
14392.383598    4902.276464    
14301.482143    5030.744939    
18561.044974    9254.153352    
14075.270503    4911.063185    
18347.463624    9167.455765    
12706.135582    4984.655300    
13736.656085    5249.014650    
14868.252646    10343.487752    
18209.416005    10561.846530    
16035.235450    6030.295584    
16824.630291    7847.655180    
17471.269180    9357.510386    
15134.331349    9067.927511    
14010.746032    4330.223271    
18533.094577    7066.371196    
14861.214947    5001.468787    
14413.644841    4158.841632    
12927.950397    6595.607840    
18016.153439    10107.083348    
16028.773810    6816.985362    
20024.126323    10200.385226    
17406.370370    6615.376990    
11312.851190    5099.142478    
12314.600529    5240.937912    
14294.101852    5449.547514    
15075.147487    6683.145763    
17207.335979    8581.980067    
17108.853836    13790.233163    
17606.631614    6992.677992    
13109.360450    4048.891400    
14981.477513    6987.650850    
16389.699735    7407.967366    
14705.503968    8834.246456    
13844.205688    4466.161553    
16637.761905    7373.694085    
17077.054894    9706.242527    
15313.801587    7514.687522    
14193.396825    5819.249227    
16048.037698    6620.351442    
18284.312831    9627.580788    
15382.172619    7610.097090    
21630.329365    12066.817122    
13200.449074    8055.272596    
16032.222222    8073.418248    
14761.800926    8498.611176    
20033.376984    13349.162691    
18331.776455    7236.606188    
11476.905423    3942.517504    
14851.221561    9608.190045    
17076.840608    9765.067212    
16265.247354    10827.028689    
14340.275794    5643.023077    
16105.816799    8236.791678    
20489.447090    12137.746706    
15011.947090    8878.260641    
12692.160714    3919.223019    
14236.702381    6659.534235    
15790.420635    7609.771438    
15861.796958    7752.152758    
20763.171296    14292.169309    
16639.220899    7224.055335    
14271.634921    7160.356068    
14867.824074    8499.203659    
13931.376323    7472.587114    
16917.468915    6219.920256    
12932.798280    4047.238579    
16343.939153    10337.972017    
14471.240741    6047.974624    
13368.769841    4177.436451    
13974.203704    5594.391064    
12480.791667    6714.644340    
17481.801587    8826.868176    
14828.799603    6041.923371    
18033.021164    10860.631083    
13908.185847    4623.033487    
14671.726852    5993.614338    
11331.732143    3980.286857    
15338.639550    5113.820027    
15936.687831    11950.786609    
13030.736111    5836.428235    
17638.783730    9401.270142    
18421.836640    11723.855106    
14073.959656    4138.291691    
21620.241402    15835.086348    
14155.205688    6005.414506    
16740.242725    9858.741287    
18612.527116    11478.181476    
11620.765212    3449.977688    
13063.237434    4239.092981    
16677.767857    7740.422653    
13575.157407    7925.131972    
17577.526455    9134.560246    
13980.881614    6062.913526    
18441.143519    10650.432461    
13635.437831    5734.326820    
14185.058862    6398.713469    
16275.232804    7105.182037    
15792.616402    7911.534768    
15861.962963    8553.217080    
17069.674603    9567.996265    
16712.939815    8175.815204    
19178.855820    13802.883406    
12978.074735    8757.577975    
14894.884259    4920.981595    
17957.655423    8229.515841    
20515.427249    8052.403400    
18479.027116    8135.502177    
14296.646825    5265.772109    
16905.260582    11487.802000    
16095.814153    5992.730804    
13673.728836    4634.228334    
12575.920635    5219.973883    
18103.891534    9670.403323    
17658.666667    6767.740166    
13326.688492    3406.027899    
11485.602513    4612.630410    
16359.918651    5858.573779    
13681.326058    5829.753808    
12554.731481    5698.758282    
12466.875000    5792.981125    
19916.221561    10949.258502    
17571.796958    7647.127583    
16747.579365    8276.333075    
14760.814153    4254.182461    
18997.404762    13360.615668    
14873.922619    5943.051628    
15982.798942    7220.746699    
15751.825397    6613.951704    
10796.522487    6297.026945    
16151.342593    8733.724793    
14981.542328    6168.375670    
12679.508598    8206.268982    
15996.357804    8608.069454    
15316.841931    9661.829671    
18470.974868    12361.576645    
15558.916667    11476.333052    
11750.982143    5088.271380    
16810.812169    5506.788889    
18809.449074    9819.693540    
15858.190476    8330.836486    
16537.833333    8116.045016    
12939.191138    5082.319645    
16448.007275    8494.865632    
21369.486111    14882.342493    
14968.331349    8959.901353    
16908.035053    7542.328804    
17535.582672    8458.902491    
13471.886243    6208.223904    
15631.154762    5215.939178    
13473.335317    5515.760555    
14390.142196    5366.025104    
22613.828704    16324.449086    
16838.769180    9173.960107    
13006.617725    8662.421873    
13012.704365    6760.687911    
14883.455026    6377.461508    
19095.308201    7870.938673    
13873.403439    8837.338904    
14613.777778    6761.636004    
13361.346561    8513.128247    
14400.781746    4360.456574    
16063.562169    5951.154406    
17901.213624    7965.444747    
13312.105159    6421.980610    
15466.115079    7240.260705    
17292.003968    7696.846168    
13711.328704    3962.415809    
10159.312169    5504.852385    
12487.262566    5538.268433    
17264.767196    8697.111775    
16358.496693    5487.041455    
12072.113757    8504.426972    
15972.080688    7978.962404    
17009.816138    11615.735316    
14712.299603    8662.370581    
15520.627646    5460.817083    
17564.691799    11394.228788    
16599.746032    8788.254639    
16914.556217    8481.248561    
15385.812169    11364.337709    
12364.523810    4666.631942    
11785.194444    4958.237709    
15325.134921    5909.147305    
13043.870370    5410.439801    
16598.339286    6474.610289    
20017.166667    7288.231657    
15605.121693    7946.867900    
14895.638889    5458.358033    
12325.925265    4085.224061    
17928.595899    7320.523748    
17063.983466    11305.733133    
18290.251323    7815.988768    
12653.009259    5172.434470    
14354.398810    4603.877659    
13871.091931    5381.128212    
16501.425926    7455.243454    
19016.553571    10949.974039    
18251.692460    6604.146615    
18021.021164    9694.823555    
14646.839286    4159.937264    
12083.362434    4552.250871    
17350.080026    6311.820859    
21406.203704    9601.105876    
15009.002646    8617.630507    
12785.916667    5726.026010    
19601.001323    13095.731035    
15064.189815    8584.769755    
16603.799603    9577.224095    
14445.354497    6210.503448    
18888.927910    6868.017049    
15216.061508    4848.695393    
17049.292328    9112.100199    
17711.019180    14498.884429    
14944.923942    5602.989022    
17688.123677    13905.445100    
15387.591931    5603.593035    
18517.777116    12348.284337    
20456.699074    10718.642582    
14239.910053    5798.241111    
18842.093254    9326.414896    
12915.056217    5561.314327    
14592.325397    7001.594463    
14994.617063    6054.176372    
11838.205688    4643.599631    
15603.681217    6127.978062    
17639.857143    7617.132139    
16453.771825    12034.971924    
12568.735450    7822.315433    
15178.417328    8421.463888    
20145.440476    8540.123826    
15279.972222    6550.608870    
15349.105159    6000.534175    
18269.521825    8573.641362    
14512.404762    7441.476805    
12472.121693    4689.656036    
12172.346561    5178.828895    
12760.817460    5815.120754    
13488.169312    5852.737109    
14227.877646    5575.787125    
15634.935847    5830.681021    
24256.035053    14288.885213    
15281.981481    8697.973694    
14938.674603    7871.647772    
19332.579365    11559.817318    
12760.865079    5730.558552    
11582.342593    4482.071371    
11697.479497    4426.588072    
12738.112434    7560.711037    
15105.406746    5834.607970    
17283.261905    11925.513106    
13938.551587    6710.664501    
15674.398810    6763.379045    
14011.108466    4613.482379    
13313.282407    5434.558832    
17659.292328    9470.820453    
18339.861772    6297.636720    
12790.058862    4241.512014    
15248.728836    8166.326116    
19770.438492    13360.685564    
13466.800265    5626.456611    
16205.131614    6935.305241    
14508.037698    8891.744288    
17387.950397    6389.830716    
28036.635582    18509.332051    
14662.427249    5211.701046    
21969.216931    12897.247851    
14622.859127    8711.548292    
13796.504630    5674.309019    
16368.150132    6246.957030    
13105.469577    4518.478212    
14596.357804    7810.988870    
22387.199074    12440.664838    
16199.628307    6170.624187    
12276.431217    4398.487726    
16460.277778    8401.664971    
18863.629630    9233.788036    
14661.523810    5664.789284    
18110.098545    7615.213704    
15587.656085    7537.601646    
12636.814153    4729.277216    
14148.344577    4825.724625    
18201.462963    6263.576140    
19302.867725    10464.154541    
12609.135582    7005.942378    
17779.479497    9506.289124    
14029.230159    4500.190444    
14677.627646    6893.937744    
14213.799603    5469.359850    
12619.219577    6306.114702    
16651.427910    8408.381378    
13255.142196    4818.430281    
17551.841270    9936.122273    
18396.344577    7686.262629    
18811.314153    7601.700129    
19366.113095    9670.430934    
17392.150794    7543.099613    
15200.634259    5540.142265    
16321.455026    10596.662134    
13178.937831    4753.633476    
13824.915344    6105.695925    
15541.714286    7812.845582    
15490.667328    4746.927171    
15168.376323    12508.669602    
13537.121032    10641.218578    
21405.242725    12144.193504    
21255.853175    9004.936455    
19855.152778    10373.071997    
23838.641534    15837.100948    
20110.130952    10197.673486    
24806.593915    18711.936760    
14131.996032    9640.078111    
20879.406085    14040.096795    
18274.599206    8598.714644    
28111.054233    16202.559738    
14801.210317    8114.309353    
19842.662698    13826.166239    
20399.202381    12911.002823    
17423.662037    12239.097412    
17180.056878    11296.729313    
17559.727513    9244.405687    
19930.859788    10052.580470    
18723.322090    13937.595334    
18921.865079    12194.972516    
14700.606481    6677.800283    
16830.660053    7912.372211    
16807.121693    9773.451544    
14063.133598    5006.899782    
22555.503307    12729.945759    
19029.140212    7975.358998    
17549.479497    7519.657043    
12879.528439    4896.216994    
13407.295635    4545.690115    
16849.935847    10836.697347    
16976.240079    7490.276334    
14343.845238    7429.110252    
22144.227513    13124.837564    
15976.384921    8453.613498    
15144.539021    5901.374018    
17951.977513    9928.158261    
18945.092593    8885.468092    
18664.574735    7419.627077    
16529.308201    8732.248575    
14921.838624    6141.553402    
20008.862434    11170.940151    
18122.171296    10430.707293    
16619.636243    9818.836044    
11860.506614    4683.996684    
25212.303571    14255.862542    
13808.316138    10864.426568    
17449.576058    10106.022351    
17063.597884    6717.385714    
17058.205688    6275.552097    
13717.202381    8088.536465    
17165.521164    9197.019509    
12375.911376    4974.270548    
16930.738757    7594.005662    
14195.425265    7680.965048    
13767.779762    6187.420906    
21017.550926    13028.045596    
15963.779101    6675.910849    
18152.539683    7883.056226    
19771.567460    12073.998526    
18372.621693    9801.020803    
16465.632275    5609.147577    
12288.054894    5829.517393    
15441.570106    10150.891157    
18991.581349    7245.045299    
13487.480159    6108.168737    
11521.208333    5447.235112    
19294.617725    8864.293817    
17137.309524    8997.955478    
14050.405423    5039.734626    
20292.628307    9003.176511    
14196.899471    6086.366113    
12601.553571    5418.860640    
16788.916005    7372.905016    
12879.226190    4677.590607    
15819.130291    9982.026728    
12435.887566    5154.580023    
16175.134921    7672.462099    
16650.729497    6443.151594    
14642.108466    6005.112437    
14497.871032    10246.744544    
16554.941138    7976.491182    
19363.060847    9094.671330    
13186.268519    4165.526995    
13181.386243    5765.413607    
12530.404762    4983.827701    
17287.698413    7908.842407    
15320.788360    5165.750955    
15745.703704    8123.381574    
19904.072090    13304.181340    
13558.462302    6775.864513    
18559.119048    10240.952021    
19894.625661    11826.346527    
13060.957011    7392.547666    
16095.039683    10475.246834    
18687.676587    9431.120515    
21917.843254    11414.644424    
15359.048280    8300.822719    
13858.572751    8870.964646    
17825.130291    12470.134330    
18668.470238    11974.152823    
24985.666667    16370.774499    
14588.273148    6515.637996    
15868.952381    7480.804535    
14766.167989    5406.123569    
16301.187169    6967.963591    
16695.871032    9947.486508    
20542.738757    8787.896737    
26719.880952    17069.175754    
14451.010582    6444.738521    
17752.872354    9760.958825    
18352.691799    10951.404221    
15872.931217    7854.757173    
15870.830688    5736.654143    
13279.625000    5221.263838    
19494.308201    13796.590927    
12494.979497    4811.055219    
18399.912037    9826.975341    
14067.494048    5935.679867    
13237.443783    6499.662557    
15795.487434    5517.076811    
13110.747354    5517.566220    
13319.816799    6759.379615    
17960.462302    8641.442780    
17049.740079    7261.908634    
13279.663360    8358.271455    
21435.914683    13484.940825    
15241.277778    5353.605439    
12981.052249    4644.742075    
14224.068122    7058.649149    
11633.828042    7250.020741    
20296.514550    12024.951662    
13720.788360    10623.613715    
28100.564815    18454.531254    
17320.885582    7109.580134    
16923.149471    9931.415204    
15212.724206    11101.168253    
16041.896164    7768.477181    
15420.986772    5154.974878    
18047.966270    11017.293241    
13321.816138    6775.553337    
19706.746032    8556.038009    
25304.318783    15053.888692    
13798.559524    7012.922501    
16137.899471    10376.597191    
15212.572751    6333.887692    
14270.497354    8414.584235    
12941.316138    4585.673414    
13318.088624    5525.707049    
14606.230159    10246.048403    
23606.006614    17273.378559    
17079.795635    10198.174881    
14609.068122    6156.188407    
14021.107804    6830.135318    
18076.326720    11890.312155    
16924.236772    7486.740604    
15866.748677    5339.042851    
13055.381614    6098.317227    
13675.207011    6964.741066    
26266.229497    17112.113041    
16431.161376    8408.784426    
13428.370370    9017.749272    
26671.423942    18858.840235    
12647.432540    9426.334368    
18684.478175    8219.254788    
13768.716270    7093.560631    
16373.902778    7478.307860    
23274.955026    13010.055528    
14294.016534    5432.223806    
17364.019180    12169.308146    
18002.609788    10860.924041    
13631.429894    5393.622860    
17120.754630    8917.915081    
19993.451720    12291.714688    
20089.260582    11309.139908    
14778.830026    5315.085635    
20199.678571    8254.717638    
16345.840608    6319.017723    
16342.632275    4958.060642    
14232.005952    5001.948692    
15389.223545    6390.744577    
14511.098545    6365.155982    
17579.935185    6606.026717    
13518.532407    5141.405279    
16058.076058    5785.082926    
20740.759259    10450.666772    
19510.814815    9675.387522    
11967.042989    6582.676747    
14222.778439    4471.362298    
15313.746693    9055.992304    
13239.791005    6278.007229    
21798.482804    13713.022731    
19890.820767    14013.127432    
18462.160053    8789.743840    
13160.657407    6529.489029    
18083.474206    10247.186719    
14460.553571    7449.113667    
19143.696429    9834.789610    
16957.117725    7703.901381    
20355.941799    9660.503970    
21335.617063    9834.832323    
18934.365079    10049.696454    
16787.892857    6483.812246    
20704.978836    11338.795500    
12749.623677    8831.526650    
14125.382275    6773.588714    
19887.258598    9681.487941    
14764.425265    5986.732618    
16244.297619    11035.580700    
17850.686508    11007.322587    
17687.683201    9958.541544    
15107.082011    6134.815710    
18993.058862    12096.966233    
13517.287037    5514.308131    
16386.199735    10020.301057    
16344.505291    9195.092071    
15414.367725    6317.840976    
12468.363757    6467.314892    
18928.888889    10451.652384    
15938.126984    12817.034260    
17192.792328    6506.164981    
13381.821429    3860.462498    
18085.179233    11648.682607    
18967.626323    7529.250632    
18388.673942    7912.665726    
20532.863095    11948.938154    
15028.162698    4831.061849    
13285.765212    4602.859710    
18736.116402    12991.324913    
21136.943122    11187.840205    
17865.597222    6264.592704    
12954.458333    4091.577659    
17666.468915    7561.886797    
15893.423280    7721.781156    
22282.857143    15940.013936    
12921.061508    6541.150346    
15172.067460    8062.860027    
14768.236111    8032.372171    
14981.556878    5188.884088    
15778.785714    7222.882949    
13249.634921    6058.880687    
15682.562169    6605.848876    
18815.653439    10981.137676    
14483.940476    4591.769785    
14764.397487    8068.774580    
25278.813492    14588.604322    
19405.414021    10133.893134    
15000.315476    5517.672183    
16386.822751    5674.871000    
16700.505291    5198.418228    
17823.253968    7506.593304    
20610.746032    9553.984449    
17371.379630    10033.130948    
14940.881614    6298.543052    
16546.087963    6813.500978    
12415.673280    4291.823732    
15575.374339    6980.467897    
15041.619048    5867.232412    
16810.992063    10971.232888    
17394.796296    6389.344558    
16591.007937    8120.271739    
15853.004630    5846.676189    
17668.057540    9613.922023    
15142.136905    4611.251628    
12533.927249    4549.699332    
13431.359127    5873.989288    
20687.729497    10562.773738    
14340.571429    6975.216313    
23829.220238    10492.552691    
17424.378307    10420.304703    
18482.938492    14542.145826    
16786.683862    6302.494605    
17098.179894    8728.650450    
21062.807540    11761.246117    
20378.320767    10934.894963    
15951.908069    7363.866572    
17173.939153    6354.435817    
17472.096561    8574.868763    
20190.214947    11607.560293    
15361.069444    7091.039413    
12732.023148    5673.352153    
20538.925265    8348.212257    
15778.278439    6231.112688    
23590.923280    13468.599856    
16762.956349    8197.677505    
13145.931217    6263.198820    
13393.612434    4432.864994    
23184.052249    17716.100880    
13252.060185    5687.821935    
15772.881614    6534.781202    
14379.876984    4956.357223    
18392.940476    7643.806764    
12984.885582    5147.325579    
18473.296958    15167.520828    
16934.594577    6501.687082    
20051.450397    7427.933858    
18089.724206    13217.274322    
17878.753307    6829.088131    
16421.672619    5966.602234    
19322.630952    8698.274181    
13014.892857    6103.479589    
14961.971561    5220.386685    
17291.070106    5399.215669    
17331.636905    7837.908917    
19121.799603    8012.344356    
15710.819444    6958.647731    
15459.326720    8446.754756    
22435.134259    9778.877371    
15464.418651    6273.222118    
21081.332011    14905.349910    
13261.367063    3613.407649    
13385.649471    4959.943887    
23123.593254    16954.656060    
21450.639550    8307.236407    
17322.484127    6664.639295    
17491.966931    8712.406475    
17332.029101    7421.445593    
16654.695767    8398.083396    
18773.143519    9146.586435    
15637.841270    9187.439006    
14136.845238    4940.060176    
18470.883598    9211.362580    
15472.143519    5204.625721    
15979.161376    6316.762172    
16665.762566    5793.095180    
19875.638228    11125.711814    
17951.696429    8975.694051    
14643.613095    5116.124869    
15415.445106    7963.295761    
19226.445767    11287.833065    
13903.441799    7371.822633    
16204.140212    5732.427599    
16257.462302    7391.405542    
15626.949735    4813.724268    
15488.674603    7247.878107    
19142.319444    7896.155646    
13332.754630    5865.165573    
17317.474206    6487.564488    
12145.475529    7153.563011    
17763.808201    10694.290382    
11857.577381    5792.642960    
11409.768519    5812.126604    
14211.943122    7169.845958    
18099.831349    8833.953679    
18565.095899    10730.372054    
14880.238757    8694.250482    
21039.244709    13750.080405    
26054.735450    15265.630809    
15973.583995    8029.641403    
13714.178571    5953.791620    
13629.650794    4814.893710    
23467.597222    15653.467553    
16244.523810    6507.769970    
22294.563492    12974.307578    
16639.073413    6702.584603    
13514.820767    5663.640497    
12972.464947    7615.977572    
14013.903439    5405.705636    
23257.820767    14193.276521    
12437.699735    6647.469870    
16749.907407    9822.417757    
24067.190476    13524.112277    
15778.346561    7165.287777    
17948.949074    8727.094762    
23486.816799    12182.813833    
15481.670635    6080.745583    
17579.547619    7988.432060    
15863.395503    10595.158167    
17894.488757    7708.087771    
16541.350529    9856.624259    
14121.086640    7998.390129    
20214.776455    7121.766744    
20002.072751    8600.979131    
15311.909392    5259.152668    
18022.180556    9384.060277    
18228.286376    12452.694176    
18906.337302    10238.031399    
15535.643519    7048.236380    
20067.218254    14108.534376    
14730.648148    6396.979828    
16716.830026    8385.348224    
17740.939153    7260.510038    
24093.064815    18523.517877    
16738.724206    10116.338286    
17147.654101    8686.641167    
15487.623016    6523.054610    
13799.304894    5678.174749    
17515.023810    14103.544400    
15796.029762    8794.467831    
24569.603836    20444.532079    
13418.542328    8950.843174    
14980.021825    6831.418427    
15149.378968    7075.717821    
12992.656085    5620.450672    
22343.668651    15009.694631    
16792.287698    9491.479357    
16594.028439    5959.517795    
18403.130291    11528.420914    
28235.369048    18655.895823    
14699.865741    5886.049419    
19859.242063    10810.054770    
16077.939153    6563.308928    
13103.699735    8356.169856    
12426.143519    4678.162429    
14664.847884    6003.306953    
16476.812169    7666.380755    
14166.120370    7019.794861    
14949.959656    6258.392278    
17400.279101    7999.549036    
18379.019841    12382.132376    
15256.830026    5129.303965    
21322.213624    12367.516286    
20052.934524    10926.569720    
15987.557540    11057.016451    
16741.266534    7335.438643    
14613.919974    6712.807504    
15525.141534    5147.855910    
14199.391534    8253.277857    
16057.792328    9551.866119    
18219.549603    12351.355710    
15588.837963    8606.660536    
17998.488757    9851.230988    
12633.809524    5716.240031    
21095.787037    14215.792328    
13534.891534    5904.306662    
20311.312831    12152.362000    
17441.828042    9304.661685    
21331.102513    12911.368684    
13959.148810    7242.634765    
22427.228175    13616.086523    
14746.119048    6197.184734    
23790.181878    14004.280112    
20078.948413    10746.075521    
18889.061508    8583.075581    
13727.968254    5364.545080    
16618.151455    8154.691234    
16047.858466    6724.794805    
